,UF,V0203,V0223,V0224,V0228,V0229,V4623,V4624,V2103,V2105,V2107,V2109,V2119
46089,27,1.0,1.0,4.0,6.0,3.0,1.0,1.0,3.0,3.0,3.0,3.0,
46090,27,1.0,1.0,4.0,4.0,3.0,2.0,1.0,1.0,3.0,3.0,3.0,3.0
46091,27,1.0,1.0,2.0,4.0,1.0,1.0,1.0,3.0,3.0,3.0,3.0,
46092,27,1.0,1.0,2.0,4.0,1.0,1.0,1.0,3.0,3.0,3.0,3.0,
46093,27,1.0,,4.0,6.0,3.0,6.0,6.0,3.0,3.0,3.0,3.0,
46094,27,1.0,1.0,2.0,4.0,3.0,1.0,1.0,3.0,3.0,3.0,3.0,
46095,27,1.0,1.0,2.0,4.0,3.0,1.0,1.0,3.0,3.0,3.0,3.0,
46096,27,1.0,1.0,4.0,4.0,3.0,1.0,1.0,3.0,3.0,3.0,3.0,
46097,27,1.0,4.0,4.0,4.0,3.0,1.0,1.0,3.0,3.0,3.0,3.0,
46098,27,1.0,1.0,2.0,4.0,3.0,2.0,1.0,3.0,3.0,3.0,1.0,3.0
46099,27,1.0,1.0,2.0,2.0,3.0,1.0,1.0,3.0,3.0,3.0,3.0,
46101,27,1.0,1.0,2.0,4.0,3.0,1.0,1.0,3.0,3.0,3.0,3.0,
46102,27,1.0,1.0,2.0,2.0,3.0,1.0,1.0,3.0,3.0,3.0,3.0,
46103,27,1.0,4.0,4.0,6.0,3.0,6.0,6.0,3.0,3.0,3.0,3.0,
46105,27,1.0,1.0,2.0,4.0,3.0,2.0,1.0,1.0,1.0,1.0,1.0,3.0
46106,27,1.0,1.0,4.0,4.0,3.0,2.0,1.0,1.0,1.0,1.0,1.0,3.0
46107,27,1.0,1.0,2.0,4.0,3.0,2.0,1.0,3.0,1.0,3.0,3.0,3.0
46108,27,1.0,1.0,2.0,4.0,3.0,1.0,1.0,3.0,3.0,3.0,3.0,
46110,27,1.0,1.0,4.0,4.0,3.0,1.0,5.0,3.0,3.0,3.0,3.0,
46111,27,1.0,1.0,4.0,4.0,3.0,6.0,5.0,3.0,3.0,3.0,3.0,
46113,27,1.0,1.0,4.0,6.0,3.0,1.0,6.0,3.0,3.0,3.0,3.0,
46117,27,1.0,1.0,4.0,4.0,3.0,6.0,5.0,3.0,3.0,3.0,3.0,
46118,27,1.0,1.0,4.0,4.0,3.0,6.0,5.0,3.0,3.0,3.0,3.0,
46120,27,1.0,3.0,4.0,4.0,3.0,6.0,6.0,3.0,3.0,3.0,3.0,
46121,27,1.0,1.0,4.0,4.0,3.0,1.0,2.0,3.0,3.0,3.0,3.0,
46122,27,1.0,1.0,2.0,4.0,3.0,1.0,6.0,3.0,3.0,3.0,3.0,
46124,27,1.0,1.0,4.0,6.0,3.0,2.0,6.0,1.0,3.0,3.0,3.0,3.0
46125,27,1.0,1.0,2.0,4.0,3.0,3.0,5.0,1.0,1.0,1.0,1.0,3.0
46126,27,1.0,1.0,4.0,4.0,3.0,1.0,5.0,3.0,3.0,3.0,3.0,
46127,27,1.0,1.0,4.0,4.0,3.0,7.0,5.0,1.0,3.0,1.0,3.0,3.0
46128,27,1.0,1.0,2.0,6.0,3.0,1.0,6.0,3.0,3.0,3.0,3.0,
46134,27,1.0,1.0,4.0,4.0,3.0,1.0,5.0,3.0,3.0,3.0,3.0,
46137,27,1.0,1.0,4.0,4.0,3.0,6.0,5.0,3.0,3.0,3.0,3.0,
46138,27,1.0,1.0,4.0,4.0,3.0,6.0,6.0,3.0,3.0,3.0,3.0,
46139,27,1.0,1.0,4.0,6.0,3.0,1.0,5.0,3.0,3.0,3.0,3.0,
46140,27,1.0,3.0,4.0,4.0,3.0,2.0,6.0,1.0,3.0,3.0,3.0,3.0
46141,27,1.0,1.0,4.0,4.0,3.0,3.0,6.0,1.0,1.0,1.0,1.0,1.0
46142,27,1.0,1.0,4.0,4.0,3.0,6.0,2.0,3.0,3.0,3.0,3.0,
46144,27,1.0,1.0,4.0,4.0,3.0,6.0,5.0,3.0,3.0,3.0,3.0,
46145,27,1.0,1.0,2.0,4.0,3.0,1.0,1.0,3.0,3.0,3.0,3.0,
46146,27,1.0,3.0,2.0,4.0,3.0,2.0,1.0,1.0,3.0,1.0,1.0,3.0
46147,27,1.0,1.0,4.0,6.0,3.0,6.0,6.0,3.0,3.0,3.0,3.0,
46148,27,1.0,3.0,4.0,4.0,3.0,6.0,1.0,3.0,3.0,3.0,3.0,
46149,27,1.0,1.0,2.0,4.0,3.0,6.0,1.0,3.0,3.0,3.0,3.0,
46150,27,1.0,3.0,4.0,6.0,3.0,3.0,1.0,1.0,1.0,1.0,1.0,3.0
46151,27,1.0,3.0,4.0,4.0,3.0,3.0,1.0,1.0,1.0,1.0,1.0,3.0
46152,27,1.0,3.0,4.0,4.0,3.0,3.0,1.0,1.0,1.0,1.0,1.0,3.0
46153,27,1.0,1.0,2.0,4.0,3.0,1.0,1.0,3.0,3.0,3.0,3.0,
46154,27,1.0,3.0,4.0,4.0,3.0,3.0,1.0,1.0,1.0,1.0,1.0,3.0
46155,27,1.0,3.0,4.0,4.0,3.0,3.0,1.0,1.0,1.0,1.0,1.0,3.0
46157,27,1.0,3.0,4.0,6.0,3.0,2.0,1.0,1.0,1.0,1.0,3.0,3.0
46158,27,1.0,3.0,4.0,4.0,3.0,1.0,1.0,3.0,3.0,3.0,3.0,
46159,27,1.0,3.0,4.0,6.0,3.0,1.0,6.0,3.0,3.0,3.0,3.0,
46160,27,1.0,3.0,4.0,6.0,3.0,3.0,5.0,1.0,1.0,1.0,1.0,3.0
46161,27,1.0,1.0,4.0,6.0,3.0,2.0,1.0,3.0,3.0,1.0,3.0,3.0
46162,27,1.0,3.0,2.0,4.0,3.0,2.0,1.0,3.0,3.0,1.0,3.0,3.0
46165,27,1.0,1.0,2.0,4.0,3.0,1.0,1.0,3.0,3.0,3.0,3.0,
46166,27,1.0,4.0,4.0,4.0,3.0,6.0,6.0,3.0,3.0,3.0,3.0,
46167,27,1.0,1.0,4.0,4.0,3.0,1.0,1.0,3.0,3.0,3.0,3.0,
46169,27,1.0,1.0,4.0,4.0,3.0,1.0,1.0,3.0,3.0,3.0,3.0,
46170,27,1.0,3.0,4.0,6.0,3.0,2.0,6.0,1.0,1.0,1.0,1.0,3.0
46171,27,1.0,1.0,4.0,6.0,3.0,3.0,6.0,3.0,1.0,1.0,1.0,3.0
46172,27,1.0,1.0,4.0,2.0,3.0,3.0,4.0,1.0,1.0,1.0,1.0,1.0
46173,27,1.0,1.0,4.0,4.0,3.0,4.0,1.0,1.0,3.0,1.0,1.0,1.0
46174,27,1.0,4.0,4.0,4.0,3.0,8.0,1.0,1.0,1.0,1.0,1.0,1.0
46176,27,1.0,1.0,4.0,4.0,3.0,2.0,1.0,3.0,3.0,1.0,1.0,3.0
46177,27,1.0,1.0,4.0,4.0,3.0,2.0,1.0,3.0,3.0,1.0,1.0,3.0
46179,27,1.0,1.0,4.0,6.0,3.0,2.0,6.0,3.0,3.0,1.0,1.0,3.0
46180,27,1.0,3.0,2.0,6.0,3.0,4.0,6.0,1.0,1.0,1.0,1.0,3.0
46183,27,1.0,1.0,2.0,4.0,3.0,6.0,1.0,3.0,3.0,3.0,3.0,
46185,27,1.0,1.0,4.0,4.0,3.0,7.0,1.0,3.0,3.0,1.0,3.0,3.0
46186,27,1.0,1.0,4.0,4.0,3.0,1.0,1.0,3.0,3.0,3.0,3.0,
46187,27,1.0,1.0,4.0,4.0,3.0,1.0,1.0,3.0,3.0,3.0,3.0,
46188,27,1.0,1.0,4.0,4.0,3.0,2.0,1.0,3.0,1.0,1.0,1.0,3.0
46189,27,1.0,1.0,2.0,4.0,3.0,1.0,1.0,3.0,3.0,3.0,3.0,
46190,27,1.0,1.0,4.0,4.0,3.0,2.0,1.0,1.0,1.0,1.0,1.0,3.0
46191,27,1.0,3.0,4.0,6.0,3.0,8.0,1.0,1.0,3.0,1.0,1.0,3.0
46192,27,1.0,1.0,4.0,6.0,3.0,3.0,1.0,1.0,1.0,1.0,1.0,1.0
46194,27,1.0,1.0,2.0,4.0,3.0,3.0,1.0,1.0,1.0,1.0,1.0,1.0
46195,27,1.0,1.0,4.0,4.0,3.0,1.0,1.0,3.0,3.0,3.0,3.0,
46197,27,1.0,1.0,2.0,4.0,3.0,2.0,1.0,1.0,3.0,3.0,1.0,3.0
46198,27,1.0,,4.0,6.0,3.0,1.0,5.0,3.0,3.0,3.0,3.0,
46199,27,1.0,1.0,2.0,4.0,3.0,2.0,1.0,1.0,1.0,1.0,1.0,3.0
46201,27,1.0,1.0,2.0,4.0,1.0,6.0,1.0,3.0,3.0,3.0,3.0,
46202,27,1.0,1.0,4.0,4.0,3.0,2.0,1.0,1.0,3.0,3.0,3.0,3.0
46203,27,1.0,1.0,4.0,2.0,3.0,1.0,1.0,3.0,3.0,3.0,3.0,
46204,27,1.0,1.0,2.0,2.0,3.0,6.0,1.0,3.0,3.0,3.0,3.0,
46205,27,1.0,1.0,2.0,4.0,3.0,1.0,1.0,3.0,3.0,3.0,3.0,
46207,27,1.0,1.0,4.0,2.0,3.0,1.0,1.0,3.0,3.0,3.0,3.0,
46208,27,1.0,1.0,4.0,4.0,3.0,7.0,1.0,1.0,3.0,3.0,1.0,3.0
46209,27,1.0,1.0,2.0,2.0,3.0,6.0,2.0,3.0,3.0,3.0,3.0,
46210,27,1.0,1.0,4.0,2.0,3.0,1.0,1.0,3.0,3.0,3.0,3.0,
46212,27,1.0,1.0,2.0,4.0,3.0,6.0,1.0,3.0,3.0,3.0,3.0,
46213,27,1.0,1.0,2.0,4.0,3.0,1.0,1.0,3.0,3.0,3.0,3.0,
46214,27,1.0,1.0,4.0,2.0,3.0,1.0,1.0,3.0,3.0,3.0,3.0,
46215,27,1.0,1.0,4.0,4.0,1.0,6.0,1.0,3.0,3.0,3.0,3.0,
46216,27,1.0,1.0,4.0,2.0,3.0,6.0,1.0,3.0,3.0,3.0,3.0,
46217,27,1.0,1.0,4.0,4.0,3.0,2.0,1.0,1.0,1.0,3.0,1.0,3.0
46218,27,1.0,3.0,4.0,4.0,3.0,2.0,6.0,1.0,3.0,1.0,3.0,3.0
46219,27,1.0,1.0,4.0,4.0,3.0,7.0,1.0,1.0,1.0,1.0,3.0,3.0
46220,27,1.0,1.0,4.0,2.0,3.0,6.0,1.0,3.0,3.0,3.0,3.0,
46221,27,1.0,1.0,2.0,4.0,3.0,6.0,1.0,3.0,3.0,3.0,3.0,
46223,27,1.0,1.0,4.0,4.0,3.0,4.0,1.0,1.0,1.0,1.0,1.0,3.0
46224,27,1.0,1.0,4.0,4.0,3.0,3.0,1.0,3.0,3.0,3.0,1.0,3.0
46226,27,1.0,1.0,2.0,4.0,3.0,3.0,5.0,1.0,1.0,1.0,1.0,3.0
46227,27,1.0,1.0,2.0,4.0,3.0,1.0,1.0,3.0,3.0,3.0,3.0,
46229,27,1.0,1.0,2.0,4.0,3.0,8.0,1.0,1.0,1.0,1.0,1.0,3.0
46231,27,1.0,1.0,4.0,6.0,3.0,2.0,4.0,1.0,3.0,1.0,1.0,3.0
46232,27,1.0,1.0,4.0,4.0,3.0,1.0,1.0,3.0,3.0,3.0,3.0,
46233,27,1.0,1.0,4.0,4.0,3.0,3.0,1.0,1.0,1.0,1.0,1.0,3.0
46234,27,1.0,1.0,2.0,4.0,3.0,8.0,1.0,1.0,1.0,1.0,1.0,3.0
46235,27,1.0,1.0,4.0,4.0,3.0,7.0,1.0,1.0,3.0,1.0,3.0,3.0
46237,27,1.0,1.0,4.0,4.0,3.0,8.0,1.0,1.0,1.0,1.0,1.0,3.0
46238,27,1.0,1.0,4.0,4.0,3.0,4.0,5.0,1.0,1.0,1.0,1.0,3.0
46239,27,1.0,1.0,4.0,4.0,3.0,6.0,1.0,3.0,3.0,3.0,3.0,
46243,27,1.0,1.0,4.0,4.0,3.0,9.0,1.0,1.0,1.0,1.0,1.0,1.0
46244,27,1.0,1.0,4.0,4.0,3.0,4.0,6.0,1.0,1.0,1.0,1.0,3.0
46246,27,1.0,1.0,4.0,6.0,3.0,4.0,1.0,1.0,1.0,1.0,1.0,3.0
46247,27,1.0,1.0,4.0,4.0,3.0,8.0,1.0,1.0,1.0,1.0,1.0,3.0
46248,27,1.0,1.0,4.0,4.0,3.0,9.0,1.0,1.0,1.0,1.0,1.0,3.0
46250,27,1.0,1.0,4.0,4.0,3.0,1.0,1.0,3.0,3.0,3.0,3.0,
46251,27,1.0,1.0,4.0,4.0,3.0,2.0,1.0,1.0,1.0,1.0,1.0,3.0
46252,27,1.0,1.0,4.0,4.0,3.0,1.0,5.0,3.0,3.0,3.0,3.0,
46255,27,1.0,1.0,4.0,4.0,3.0,6.0,2.0,3.0,3.0,3.0,3.0,
46257,27,1.0,1.0,4.0,4.0,3.0,6.0,2.0,3.0,3.0,3.0,3.0,
46259,27,1.0,,4.0,4.0,3.0,9.0,6.0,1.0,1.0,1.0,1.0,1.0
46260,27,1.0,1.0,4.0,4.0,3.0,4.0,1.0,1.0,1.0,1.0,1.0,3.0
46262,27,1.0,1.0,2.0,4.0,3.0,2.0,3.0,1.0,3.0,3.0,3.0,3.0
46263,27,1.0,1.0,4.0,4.0,3.0,4.0,2.0,1.0,1.0,1.0,1.0,1.0
46265,27,1.0,1.0,2.0,4.0,3.0,6.0,1.0,3.0,3.0,3.0,3.0,
46266,27,1.0,1.0,2.0,4.0,3.0,6.0,2.0,3.0,3.0,3.0,3.0,
46267,27,1.0,1.0,2.0,4.0,3.0,1.0,2.0,3.0,3.0,3.0,3.0,
46268,27,1.0,1.0,2.0,4.0,3.0,3.0,1.0,1.0,1.0,1.0,1.0,3.0
46269,27,1.0,1.0,4.0,4.0,3.0,2.0,2.0,1.0,3.0,3.0,3.0,3.0
46270,27,1.0,1.0,4.0,4.0,3.0,6.0,5.0,3.0,3.0,3.0,3.0,
46271,27,1.0,1.0,4.0,4.0,3.0,1.0,5.0,3.0,3.0,3.0,3.0,
46273,27,1.0,1.0,4.0,4.0,3.0,8.0,6.0,1.0,1.0,1.0,1.0,3.0
46274,27,1.0,1.0,4.0,4.0,3.0,1.0,2.0,3.0,3.0,3.0,3.0,
46275,27,1.0,1.0,4.0,4.0,3.0,1.0,1.0,3.0,3.0,3.0,3.0,
46276,27,1.0,1.0,4.0,4.0,3.0,9.0,2.0,1.0,1.0,1.0,1.0,1.0
46277,27,1.0,1.0,4.0,4.0,3.0,6.0,2.0,3.0,3.0,3.0,3.0,
46278,27,1.0,1.0,4.0,4.0,3.0,4.0,2.0,1.0,1.0,1.0,1.0,1.0
46280,27,1.0,1.0,4.0,6.0,3.0,1.0,3.0,3.0,3.0,3.0,3.0,
46282,27,1.0,1.0,4.0,4.0,3.0,6.0,3.0,3.0,3.0,3.0,3.0,
46284,27,1.0,1.0,4.0,4.0,3.0,6.0,1.0,3.0,3.0,3.0,3.0,
46285,27,1.0,1.0,2.0,4.0,3.0,6.0,2.0,3.0,3.0,3.0,3.0,
46286,27,1.0,1.0,4.0,4.0,3.0,4.0,1.0,1.0,1.0,1.0,1.0,3.0
46287,27,1.0,1.0,2.0,2.0,1.0,6.0,2.0,3.0,3.0,3.0,3.0,
46288,27,1.0,1.0,4.0,4.0,3.0,1.0,5.0,3.0,3.0,3.0,3.0,
46290,27,1.0,1.0,2.0,4.0,3.0,6.0,2.0,3.0,3.0,3.0,3.0,
46291,27,1.0,1.0,4.0,6.0,3.0,1.0,5.0,3.0,3.0,3.0,3.0,
46293,27,1.0,1.0,4.0,4.0,3.0,1.0,2.0,3.0,3.0,3.0,3.0,
46295,27,1.0,3.0,4.0,6.0,3.0,7.0,1.0,1.0,3.0,3.0,3.0,3.0
46296,27,1.0,1.0,4.0,4.0,3.0,2.0,1.0,1.0,3.0,3.0,3.0,3.0
46297,27,1.0,1.0,2.0,4.0,3.0,1.0,1.0,3.0,3.0,3.0,3.0,
46298,27,1.0,1.0,4.0,4.0,3.0,3.0,1.0,1.0,3.0,3.0,3.0,3.0
46299,27,1.0,1.0,4.0,6.0,3.0,6.0,2.0,3.0,3.0,3.0,3.0,
46300,27,1.0,1.0,4.0,4.0,3.0,1.0,2.0,3.0,3.0,3.0,3.0,
46301,27,1.0,1.0,4.0,4.0,3.0,1.0,2.0,3.0,3.0,3.0,3.0,
46303,27,1.0,1.0,2.0,4.0,3.0,1.0,5.0,3.0,3.0,3.0,3.0,
46304,27,1.0,1.0,4.0,4.0,3.0,3.0,1.0,1.0,1.0,1.0,1.0,3.0
46306,27,1.0,1.0,2.0,4.0,3.0,6.0,1.0,3.0,3.0,3.0,3.0,
46307,27,1.0,1.0,4.0,4.0,3.0,7.0,6.0,1.0,1.0,1.0,3.0,3.0
46309,27,1.0,1.0,2.0,4.0,3.0,6.0,1.0,3.0,3.0,3.0,3.0,
46311,27,1.0,1.0,4.0,4.0,3.0,8.0,1.0,1.0,1.0,1.0,1.0,3.0
46312,27,1.0,1.0,4.0,4.0,3.0,1.0,1.0,3.0,3.0,3.0,3.0,
46313,27,1.0,3.0,4.0,4.0,3.0,3.0,1.0,1.0,1.0,1.0,1.0,3.0
46314,27,1.0,1.0,4.0,6.0,3.0,4.0,1.0,1.0,1.0,1.0,1.0,1.0
46315,27,1.0,1.0,4.0,6.0,3.0,2.0,1.0,1.0,3.0,1.0,1.0,3.0
46317,27,1.0,3.0,2.0,4.0,3.0,8.0,1.0,1.0,1.0,1.0,1.0,3.0
46318,27,1.0,3.0,4.0,4.0,3.0,4.0,1.0,1.0,1.0,1.0,1.0,3.0
46319,27,1.0,1.0,2.0,4.0,3.0,3.0,1.0,1.0,1.0,1.0,3.0,3.0
46322,27,1.0,1.0,4.0,4.0,3.0,2.0,1.0,1.0,1.0,1.0,1.0,3.0
46323,27,1.0,1.0,4.0,4.0,3.0,1.0,1.0,3.0,3.0,3.0,3.0,
46324,27,1.0,1.0,4.0,4.0,3.0,6.0,1.0,3.0,3.0,3.0,3.0,
46325,27,1.0,1.0,2.0,4.0,3.0,6.0,1.0,3.0,3.0,3.0,3.0,
46327,27,1.0,1.0,4.0,4.0,3.0,8.0,1.0,1.0,1.0,1.0,1.0,3.0
46328,27,1.0,1.0,4.0,4.0,3.0,2.0,1.0,1.0,1.0,1.0,1.0,3.0
46329,27,1.0,3.0,2.0,6.0,3.0,2.0,1.0,1.0,1.0,1.0,1.0,3.0
46330,27,1.0,1.0,4.0,4.0,3.0,3.0,1.0,1.0,1.0,1.0,1.0,3.0
46331,27,1.0,1.0,4.0,2.0,3.0,9.0,1.0,1.0,1.0,1.0,1.0,1.0
46332,27,1.0,1.0,2.0,4.0,3.0,4.0,1.0,1.0,1.0,1.0,1.0,3.0
46334,27,1.0,1.0,2.0,4.0,3.0,4.0,1.0,1.0,1.0,1.0,1.0,1.0
46335,27,1.0,1.0,2.0,4.0,3.0,7.0,1.0,1.0,3.0,3.0,3.0,3.0
46337,27,1.0,1.0,2.0,4.0,3.0,6.0,1.0,3.0,3.0,3.0,3.0,
46338,27,1.0,1.0,4.0,4.0,3.0,1.0,1.0,3.0,3.0,3.0,3.0,
46339,27,1.0,1.0,4.0,4.0,3.0,4.0,1.0,1.0,1.0,1.0,1.0,3.0
46340,27,1.0,1.0,4.0,4.0,3.0,4.0,4.0,1.0,1.0,1.0,1.0,3.0
46341,27,2.0,1.0,2.0,6.0,3.0,4.0,6.0,1.0,1.0,1.0,1.0,1.0
46342,27,1.0,1.0,4.0,4.0,3.0,4.0,1.0,1.0,1.0,1.0,1.0,3.0
46343,27,1.0,1.0,4.0,4.0,3.0,1.0,1.0,3.0,3.0,3.0,3.0,
46344,27,1.0,1.0,2.0,2.0,3.0,1.0,1.0,3.0,3.0,3.0,3.0,
46345,27,1.0,1.0,2.0,4.0,3.0,6.0,1.0,3.0,3.0,3.0,3.0,
46347,27,1.0,1.0,2.0,6.0,3.0,3.0,1.0,1.0,1.0,1.0,1.0,3.0
46348,27,1.0,1.0,2.0,4.0,3.0,6.0,1.0,3.0,3.0,3.0,3.0,
46349,27,1.0,1.0,4.0,4.0,3.0,6.0,1.0,3.0,3.0,3.0,3.0,
46350,27,1.0,1.0,4.0,4.0,3.0,1.0,1.0,3.0,3.0,3.0,3.0,
46351,27,1.0,1.0,2.0,4.0,3.0,1.0,1.0,3.0,3.0,3.0,3.0,
46352,27,1.0,1.0,4.0,2.0,3.0,6.0,1.0,3.0,3.0,3.0,3.0,
46353,27,1.0,1.0,2.0,4.0,3.0,6.0,1.0,3.0,3.0,3.0,3.0,
46354,27,1.0,1.0,4.0,4.0,3.0,2.0,1.0,1.0,1.0,1.0,3.0,3.0
46355,27,1.0,1.0,4.0,4.0,3.0,1.0,1.0,3.0,3.0,3.0,3.0,
46356,27,1.0,1.0,2.0,4.0,3.0,1.0,1.0,3.0,3.0,3.0,3.0,
46357,27,1.0,1.0,4.0,4.0,3.0,1.0,1.0,3.0,3.0,3.0,3.0,
46358,27,1.0,1.0,2.0,4.0,3.0,1.0,1.0,3.0,3.0,3.0,3.0,
46359,27,1.0,1.0,2.0,4.0,3.0,6.0,1.0,3.0,3.0,3.0,3.0,
46360,27,1.0,1.0,2.0,4.0,3.0,1.0,1.0,3.0,3.0,3.0,3.0,
46362,27,1.0,1.0,2.0,4.0,3.0,6.0,1.0,3.0,3.0,3.0,3.0,
46363,27,1.0,1.0,2.0,4.0,3.0,6.0,1.0,3.0,3.0,3.0,3.0,
46365,27,1.0,1.0,4.0,4.0,3.0,1.0,1.0,3.0,3.0,3.0,3.0,
46366,27,1.0,1.0,4.0,4.0,3.0,6.0,1.0,3.0,3.0,3.0,3.0,
46367,27,1.0,1.0,2.0,4.0,3.0,1.0,1.0,3.0,3.0,3.0,3.0,
46368,27,1.0,1.0,2.0,4.0,3.0,1.0,1.0,3.0,3.0,3.0,3.0,
46370,27,1.0,1.0,2.0,6.0,3.0,2.0,1.0,3.0,3.0,1.0,1.0,3.0
46371,27,1.0,1.0,4.0,4.0,3.0,4.0,1.0,1.0,1.0,1.0,1.0,3.0
46372,27,1.0,1.0,4.0,6.0,3.0,1.0,1.0,3.0,3.0,3.0,3.0,
46373,27,1.0,1.0,4.0,4.0,3.0,8.0,1.0,1.0,1.0,1.0,1.0,3.0
46374,27,1.0,1.0,4.0,6.0,3.0,8.0,1.0,1.0,1.0,1.0,1.0,3.0
46375,27,1.0,1.0,2.0,6.0,3.0,1.0,1.0,3.0,3.0,3.0,3.0,
46376,27,1.0,1.0,4.0,4.0,3.0,1.0,1.0,3.0,3.0,3.0,3.0,
46377,27,1.0,1.0,2.0,2.0,3.0,4.0,1.0,1.0,1.0,1.0,3.0,3.0
46378,27,1.0,1.0,4.0,4.0,3.0,1.0,1.0,3.0,3.0,3.0,3.0,
46379,27,1.0,1.0,4.0,4.0,3.0,4.0,1.0,1.0,1.0,1.0,1.0,3.0
46382,27,1.0,1.0,4.0,6.0,3.0,4.0,1.0,1.0,1.0,1.0,1.0,1.0
46383,27,1.0,1.0,2.0,4.0,3.0,3.0,1.0,1.0,1.0,1.0,1.0,1.0
46384,27,1.0,1.0,4.0,4.0,3.0,4.0,1.0,1.0,1.0,1.0,1.0,1.0
46385,27,1.0,1.0,2.0,4.0,3.0,9.0,1.0,1.0,1.0,1.0,1.0,3.0
46387,27,1.0,1.0,4.0,4.0,3.0,6.0,1.0,3.0,3.0,3.0,3.0,
46388,27,1.0,,4.0,6.0,3.0,9.0,4.0,1.0,1.0,1.0,1.0,3.0
46389,27,1.0,1.0,4.0,4.0,3.0,3.0,1.0,1.0,1.0,1.0,1.0,3.0
46390,27,1.0,1.0,2.0,4.0,3.0,1.0,1.0,3.0,3.0,3.0,3.0,
46391,27,1.0,1.0,4.0,4.0,3.0,6.0,1.0,3.0,3.0,3.0,3.0,
46392,27,1.0,1.0,4.0,4.0,3.0,8.0,1.0,1.0,1.0,1.0,1.0,3.0
46393,27,1.0,1.0,4.0,6.0,3.0,2.0,1.0,3.0,3.0,1.0,1.0,3.0
46394,27,1.0,1.0,4.0,4.0,3.0,2.0,1.0,1.0,1.0,1.0,1.0,3.0
46395,27,1.0,1.0,2.0,4.0,3.0,1.0,1.0,3.0,3.0,3.0,3.0,
46396,27,1.0,1.0,4.0,6.0,3.0,2.0,1.0,1.0,1.0,1.0,1.0,3.0
46397,27,1.0,1.0,2.0,4.0,3.0,1.0,1.0,3.0,3.0,3.0,3.0,
46399,27,1.0,1.0,4.0,2.0,3.0,6.0,1.0,3.0,3.0,3.0,3.0,
46400,27,1.0,1.0,4.0,2.0,3.0,6.0,1.0,3.0,3.0,3.0,3.0,
46401,27,1.0,1.0,4.0,2.0,1.0,1.0,1.0,3.0,3.0,3.0,3.0,
46402,27,1.0,1.0,2.0,2.0,3.0,1.0,1.0,3.0,3.0,3.0,3.0,
46403,27,1.0,1.0,4.0,2.0,3.0,6.0,1.0,3.0,3.0,3.0,3.0,
46404,27,1.0,1.0,4.0,2.0,1.0,1.0,1.0,3.0,3.0,3.0,3.0,
46405,27,1.0,1.0,2.0,2.0,1.0,1.0,1.0,3.0,3.0,3.0,3.0,
46406,27,1.0,1.0,2.0,2.0,3.0,6.0,1.0,3.0,3.0,3.0,3.0,
46407,27,1.0,1.0,4.0,2.0,3.0,6.0,1.0,3.0,3.0,3.0,3.0,
46408,27,1.0,1.0,2.0,4.0,3.0,1.0,1.0,3.0,3.0,3.0,3.0,
46409,27,1.0,1.0,4.0,4.0,3.0,8.0,1.0,1.0,1.0,1.0,1.0,3.0
46410,27,1.0,1.0,2.0,2.0,3.0,6.0,1.0,3.0,3.0,3.0,3.0,
46411,27,1.0,1.0,4.0,4.0,3.0,1.0,1.0,3.0,3.0,3.0,3.0,
46412,27,1.0,1.0,2.0,4.0,3.0,8.0,1.0,1.0,1.0,1.0,1.0,3.0
46413,27,1.0,1.0,2.0,4.0,3.0,3.0,1.0,1.0,1.0,1.0,1.0,3.0
46414,27,1.0,1.0,2.0,4.0,3.0,1.0,1.0,3.0,3.0,3.0,3.0,
46415,27,1.0,1.0,4.0,2.0,1.0,1.0,1.0,3.0,3.0,3.0,3.0,
46416,27,1.0,1.0,2.0,6.0,3.0,6.0,1.0,3.0,3.0,3.0,3.0,
46417,27,1.0,1.0,4.0,6.0,3.0,6.0,1.0,3.0,3.0,3.0,3.0,
46418,27,1.0,1.0,2.0,6.0,3.0,6.0,1.0,3.0,3.0,3.0,3.0,
46419,27,1.0,1.0,4.0,6.0,3.0,2.0,1.0,1.0,1.0,1.0,1.0,3.0
46420,27,1.0,1.0,2.0,4.0,3.0,3.0,1.0,1.0,1.0,1.0,1.0,3.0
46421,27,1.0,1.0,4.0,6.0,3.0,2.0,1.0,3.0,1.0,1.0,1.0,3.0
46422,27,1.0,1.0,4.0,4.0,3.0,2.0,1.0,1.0,1.0,1.0,1.0,3.0
46423,27,1.0,1.0,4.0,6.0,3.0,1.0,1.0,3.0,3.0,3.0,3.0,
46424,27,1.0,1.0,4.0,4.0,3.0,3.0,1.0,1.0,1.0,1.0,1.0,3.0
46426,27,1.0,1.0,4.0,4.0,3.0,2.0,1.0,1.0,1.0,1.0,1.0,3.0
46427,27,1.0,1.0,2.0,4.0,3.0,1.0,1.0,3.0,3.0,3.0,3.0,
46428,27,1.0,1.0,2.0,4.0,3.0,3.0,1.0,1.0,1.0,1.0,1.0,3.0
46429,27,1.0,1.0,4.0,6.0,3.0,4.0,1.0,1.0,1.0,1.0,1.0,3.0
46431,27,1.0,1.0,2.0,6.0,3.0,9.0,6.0,1.0,1.0,1.0,1.0,3.0
46433,27,1.0,1.0,4.0,6.0,3.0,2.0,1.0,3.0,3.0,1.0,3.0,3.0
46434,27,1.0,1.0,2.0,4.0,3.0,1.0,1.0,3.0,3.0,3.0,3.0,
46436,27,1.0,1.0,2.0,4.0,3.0,2.0,1.0,1.0,1.0,1.0,3.0,3.0
46437,27,1.0,1.0,4.0,6.0,3.0,1.0,1.0,3.0,3.0,3.0,3.0,
46438,27,1.0,1.0,4.0,4.0,3.0,1.0,1.0,3.0,3.0,3.0,3.0,
46439,27,1.0,1.0,4.0,4.0,3.0,6.0,1.0,3.0,3.0,3.0,3.0,
46440,27,1.0,1.0,4.0,4.0,3.0,1.0,1.0,3.0,3.0,3.0,3.0,
46441,27,1.0,1.0,2.0,4.0,3.0,8.0,1.0,1.0,1.0,1.0,1.0,3.0
46442,27,1.0,1.0,4.0,4.0,3.0,3.0,1.0,1.0,1.0,1.0,1.0,3.0
46443,27,1.0,1.0,2.0,4.0,3.0,1.0,1.0,3.0,3.0,3.0,3.0,
46444,27,1.0,,4.0,6.0,3.0,9.0,1.0,1.0,1.0,1.0,1.0,3.0
46446,27,1.0,1.0,4.0,4.0,3.0,1.0,1.0,3.0,3.0,3.0,3.0,
46448,27,1.0,1.0,4.0,4.0,3.0,4.0,1.0,1.0,1.0,1.0,1.0,1.0
46449,27,1.0,1.0,4.0,4.0,3.0,8.0,1.0,1.0,1.0,1.0,1.0,1.0
46450,27,1.0,3.0,4.0,4.0,3.0,4.0,1.0,1.0,1.0,1.0,1.0,3.0
46451,27,1.0,1.0,2.0,4.0,3.0,4.0,1.0,1.0,1.0,1.0,1.0,3.0
46453,27,1.0,1.0,2.0,4.0,3.0,6.0,1.0,3.0,3.0,3.0,3.0,
46454,27,1.0,,4.0,6.0,3.0,6.0,1.0,3.0,3.0,3.0,3.0,
46455,27,1.0,1.0,4.0,4.0,3.0,1.0,1.0,3.0,3.0,3.0,3.0,
46456,27,1.0,1.0,4.0,4.0,3.0,4.0,1.0,1.0,1.0,1.0,1.0,1.0
46457,27,1.0,1.0,4.0,4.0,3.0,6.0,6.0,3.0,3.0,3.0,3.0,
46458,27,1.0,1.0,4.0,6.0,3.0,1.0,1.0,3.0,3.0,3.0,3.0,
46459,27,1.0,1.0,4.0,4.0,3.0,4.0,1.0,1.0,1.0,1.0,1.0,1.0
46460,27,1.0,1.0,4.0,6.0,3.0,4.0,1.0,1.0,1.0,1.0,1.0,3.0
46461,27,1.0,1.0,4.0,6.0,1.0,1.0,1.0,3.0,3.0,3.0,3.0,
46462,27,1.0,1.0,4.0,4.0,3.0,4.0,1.0,1.0,1.0,1.0,1.0,1.0
46463,27,1.0,1.0,4.0,6.0,3.0,1.0,1.0,3.0,3.0,3.0,3.0,
46464,27,1.0,1.0,4.0,4.0,3.0,1.0,1.0,3.0,3.0,3.0,3.0,
46465,27,1.0,1.0,2.0,4.0,3.0,1.0,6.0,3.0,3.0,3.0,3.0,
46467,27,1.0,1.0,2.0,2.0,3.0,1.0,1.0,3.0,3.0,3.0,3.0,
46470,27,1.0,1.0,2.0,4.0,3.0,1.0,1.0,3.0,3.0,3.0,3.0,
46471,27,1.0,1.0,4.0,4.0,3.0,1.0,1.0,3.0,3.0,3.0,3.0,
46472,27,1.0,1.0,4.0,4.0,3.0,1.0,1.0,3.0,3.0,3.0,3.0,
46473,27,1.0,1.0,2.0,4.0,3.0,8.0,1.0,1.0,1.0,1.0,1.0,3.0
46474,27,1.0,1.0,4.0,4.0,1.0,6.0,1.0,3.0,3.0,3.0,3.0,
46476,27,1.0,1.0,2.0,4.0,3.0,1.0,1.0,3.0,3.0,3.0,3.0,
46478,27,1.0,1.0,4.0,4.0,3.0,3.0,1.0,1.0,1.0,1.0,1.0,3.0
46479,27,1.0,1.0,2.0,2.0,3.0,6.0,1.0,3.0,3.0,3.0,3.0,
46480,27,1.0,3.0,4.0,6.0,3.0,6.0,5.0,3.0,3.0,3.0,3.0,
46481,27,1.0,3.0,4.0,6.0,3.0,8.0,6.0,1.0,1.0,1.0,1.0,3.0
46482,27,3.0,1.0,4.0,4.0,3.0,6.0,2.0,3.0,3.0,3.0,3.0,
46483,27,1.0,4.0,4.0,6.0,3.0,1.0,5.0,3.0,3.0,3.0,3.0,
46484,27,1.0,1.0,4.0,4.0,3.0,1.0,5.0,3.0,3.0,3.0,3.0,
46486,27,1.0,1.0,2.0,6.0,3.0,1.0,6.0,3.0,3.0,3.0,3.0,
46487,27,1.0,1.0,4.0,4.0,3.0,1.0,6.0,3.0,3.0,3.0,3.0,
46488,27,1.0,1.0,4.0,4.0,3.0,1.0,1.0,3.0,3.0,3.0,3.0,
46489,27,1.0,1.0,4.0,6.0,3.0,1.0,6.0,3.0,3.0,3.0,3.0,
46490,27,1.0,1.0,2.0,4.0,3.0,1.0,4.0,3.0,3.0,3.0,3.0,
46491,27,1.0,3.0,4.0,6.0,3.0,1.0,6.0,3.0,3.0,3.0,3.0,
46492,27,1.0,1.0,4.0,4.0,3.0,1.0,6.0,3.0,3.0,3.0,3.0,
46494,27,1.0,1.0,4.0,4.0,3.0,1.0,5.0,3.0,3.0,3.0,3.0,
46495,27,3.0,1.0,4.0,6.0,3.0,4.0,6.0,1.0,1.0,1.0,1.0,3.0
46496,27,1.0,1.0,4.0,4.0,3.0,3.0,6.0,1.0,1.0,1.0,1.0,3.0
46497,27,1.0,1.0,4.0,4.0,3.0,1.0,5.0,3.0,3.0,3.0,3.0,
46499,27,1.0,1.0,4.0,4.0,3.0,1.0,1.0,3.0,3.0,3.0,3.0,
46500,27,1.0,1.0,4.0,4.0,3.0,3.0,4.0,1.0,1.0,1.0,1.0,3.0
46501,27,1.0,1.0,4.0,6.0,3.0,6.0,6.0,3.0,3.0,3.0,3.0,
46502,27,1.0,1.0,4.0,4.0,3.0,1.0,5.0,3.0,3.0,3.0,3.0,
46505,27,1.0,1.0,4.0,4.0,3.0,6.0,5.0,3.0,3.0,3.0,3.0,
46506,27,1.0,1.0,4.0,4.0,3.0,1.0,5.0,3.0,3.0,3.0,3.0,
46507,27,1.0,1.0,4.0,4.0,3.0,2.0,4.0,3.0,3.0,1.0,3.0,3.0
46509,27,1.0,1.0,4.0,6.0,3.0,2.0,6.0,3.0,3.0,1.0,3.0,3.0
46510,27,3.0,1.0,4.0,4.0,3.0,7.0,6.0,3.0,3.0,1.0,3.0,3.0
46511,27,1.0,1.0,4.0,6.0,3.0,6.0,6.0,3.0,3.0,3.0,3.0,
46512,27,1.0,1.0,4.0,4.0,3.0,2.0,6.0,3.0,3.0,1.0,3.0,3.0
46513,27,1.0,1.0,4.0,4.0,3.0,6.0,6.0,3.0,3.0,3.0,3.0,
46514,27,1.0,1.0,4.0,6.0,3.0,6.0,6.0,3.0,3.0,3.0,3.0,
46515,27,3.0,1.0,4.0,6.0,3.0,6.0,6.0,3.0,3.0,3.0,3.0,
46516,27,3.0,1.0,4.0,6.0,3.0,6.0,6.0,3.0,3.0,3.0,3.0,
46518,27,3.0,3.0,4.0,6.0,3.0,3.0,6.0,1.0,1.0,1.0,1.0,3.0
46519,27,1.0,1.0,4.0,4.0,3.0,3.0,6.0,1.0,3.0,1.0,1.0,3.0
46520,27,1.0,1.0,4.0,4.0,3.0,6.0,6.0,3.0,3.0,3.0,3.0,
46521,27,3.0,1.0,4.0,4.0,3.0,6.0,6.0,3.0,3.0,3.0,3.0,
46522,27,1.0,1.0,4.0,4.0,3.0,1.0,6.0,3.0,3.0,3.0,3.0,
46523,27,3.0,3.0,4.0,6.0,3.0,4.0,6.0,1.0,1.0,1.0,1.0,3.0
46524,27,3.0,1.0,4.0,6.0,3.0,1.0,6.0,3.0,3.0,3.0,3.0,
46525,27,3.0,3.0,4.0,6.0,3.0,3.0,6.0,1.0,1.0,1.0,1.0,3.0
46526,27,3.0,1.0,4.0,6.0,3.0,4.0,6.0,1.0,1.0,1.0,1.0,3.0
46527,27,1.0,1.0,4.0,6.0,3.0,4.0,6.0,1.0,1.0,1.0,1.0,3.0
46528,27,3.0,3.0,4.0,6.0,3.0,4.0,6.0,1.0,1.0,1.0,1.0,3.0
46529,27,1.0,1.0,4.0,4.0,3.0,1.0,6.0,3.0,3.0,3.0,3.0,
46530,27,3.0,3.0,4.0,6.0,3.0,3.0,6.0,1.0,1.0,1.0,1.0,3.0
46531,27,3.0,3.0,4.0,6.0,3.0,4.0,6.0,1.0,1.0,1.0,1.0,3.0
46532,27,1.0,1.0,4.0,4.0,3.0,1.0,6.0,3.0,3.0,3.0,3.0,
46533,27,1.0,1.0,4.0,4.0,3.0,9.0,6.0,1.0,1.0,1.0,1.0,3.0
46534,27,1.0,1.0,4.0,4.0,1.0,6.0,6.0,3.0,3.0,3.0,3.0,
46535,27,1.0,1.0,4.0,4.0,3.0,1.0,6.0,3.0,3.0,3.0,3.0,
46537,27,1.0,1.0,4.0,4.0,3.0,6.0,6.0,3.0,3.0,3.0,3.0,
46538,27,1.0,1.0,2.0,4.0,3.0,1.0,6.0,3.0,3.0,3.0,3.0,
46539,27,1.0,1.0,4.0,4.0,3.0,6.0,6.0,3.0,3.0,3.0,3.0,
46541,27,1.0,1.0,4.0,4.0,3.0,6.0,6.0,3.0,3.0,3.0,3.0,
46543,27,1.0,1.0,4.0,4.0,3.0,6.0,6.0,3.0,3.0,3.0,3.0,
46544,27,1.0,,4.0,6.0,3.0,4.0,6.0,1.0,1.0,1.0,1.0,3.0
46545,27,1.0,1.0,4.0,4.0,3.0,4.0,6.0,1.0,1.0,1.0,1.0,3.0
46546,27,1.0,1.0,4.0,4.0,3.0,6.0,6.0,3.0,3.0,3.0,3.0,
46548,27,1.0,1.0,4.0,2.0,3.0,1.0,6.0,3.0,3.0,3.0,3.0,
46550,27,1.0,1.0,2.0,4.0,3.0,1.0,6.0,3.0,3.0,3.0,3.0,
46551,27,1.0,1.0,4.0,4.0,3.0,6.0,6.0,3.0,3.0,3.0,3.0,
46552,27,1.0,1.0,4.0,4.0,3.0,6.0,6.0,3.0,3.0,3.0,3.0,
46553,27,1.0,1.0,4.0,4.0,3.0,1.0,6.0,3.0,3.0,3.0,3.0,
46554,27,1.0,1.0,4.0,6.0,3.0,1.0,6.0,3.0,3.0,3.0,3.0,
46555,27,1.0,1.0,2.0,4.0,3.0,6.0,6.0,3.0,3.0,3.0,3.0,
46556,27,1.0,1.0,4.0,4.0,3.0,6.0,6.0,3.0,3.0,3.0,3.0,
46557,27,1.0,1.0,4.0,6.0,3.0,6.0,6.0,3.0,3.0,3.0,3.0,
46558,27,1.0,1.0,4.0,4.0,3.0,3.0,6.0,1.0,1.0,1.0,1.0,3.0
46559,27,1.0,1.0,4.0,4.0,3.0,1.0,6.0,3.0,3.0,3.0,3.0,
46560,27,1.0,1.0,2.0,4.0,3.0,1.0,6.0,3.0,3.0,3.0,3.0,
46561,27,1.0,1.0,2.0,4.0,3.0,1.0,6.0,3.0,3.0,3.0,3.0,
46563,27,1.0,1.0,4.0,4.0,3.0,6.0,6.0,3.0,3.0,3.0,3.0,
46564,27,1.0,1.0,4.0,4.0,1.0,1.0,6.0,3.0,3.0,3.0,3.0,
46565,27,1.0,1.0,4.0,6.0,3.0,6.0,6.0,3.0,3.0,3.0,3.0,
46566,27,1.0,1.0,4.0,4.0,3.0,1.0,6.0,3.0,3.0,3.0,3.0,
46567,27,1.0,1.0,4.0,4.0,3.0,6.0,5.0,3.0,3.0,3.0,3.0,
46568,27,1.0,1.0,4.0,4.0,3.0,1.0,5.0,3.0,3.0,3.0,3.0,
46569,27,1.0,1.0,4.0,4.0,3.0,1.0,5.0,3.0,3.0,3.0,3.0,
46570,27,1.0,1.0,2.0,4.0,3.0,1.0,5.0,3.0,3.0,3.0,3.0,
46571,27,1.0,1.0,4.0,4.0,3.0,1.0,5.0,3.0,3.0,3.0,3.0,
46572,27,1.0,1.0,4.0,4.0,3.0,6.0,5.0,3.0,3.0,3.0,3.0,
46573,27,1.0,1.0,4.0,4.0,3.0,6.0,5.0,3.0,3.0,3.0,3.0,
46575,27,1.0,1.0,4.0,6.0,3.0,8.0,6.0,1.0,1.0,1.0,1.0,3.0
46576,27,2.0,1.0,4.0,6.0,3.0,4.0,6.0,1.0,1.0,1.0,1.0,1.0
46577,27,1.0,1.0,4.0,4.0,3.0,6.0,6.0,3.0,3.0,3.0,3.0,
46578,27,2.0,1.0,4.0,6.0,3.0,3.0,6.0,1.0,1.0,1.0,1.0,3.0
46579,27,1.0,1.0,4.0,6.0,3.0,2.0,5.0,1.0,1.0,1.0,3.0,3.0
46580,27,1.0,1.0,4.0,4.0,3.0,3.0,6.0,1.0,1.0,1.0,1.0,3.0
46581,27,1.0,1.0,4.0,4.0,3.0,3.0,6.0,1.0,1.0,1.0,1.0,3.0
46583,27,1.0,1.0,4.0,4.0,3.0,6.0,1.0,3.0,3.0,3.0,3.0,
46584,27,1.0,1.0,4.0,6.0,3.0,6.0,1.0,3.0,3.0,3.0,3.0,
46585,27,1.0,1.0,2.0,4.0,3.0,1.0,1.0,3.0,3.0,3.0,3.0,
46586,27,1.0,1.0,2.0,4.0,3.0,1.0,1.0,3.0,3.0,3.0,3.0,
46587,27,1.0,1.0,2.0,4.0,3.0,1.0,1.0,3.0,3.0,3.0,3.0,
46588,27,1.0,1.0,2.0,4.0,3.0,1.0,1.0,3.0,3.0,3.0,3.0,
46589,27,1.0,1.0,2.0,4.0,3.0,1.0,1.0,3.0,3.0,3.0,3.0,
46590,27,1.0,1.0,2.0,4.0,3.0,1.0,1.0,3.0,3.0,3.0,3.0,
46591,27,1.0,1.0,2.0,4.0,3.0,2.0,1.0,1.0,3.0,3.0,3.0,3.0
46592,27,1.0,1.0,2.0,4.0,3.0,2.0,1.0,1.0,3.0,3.0,3.0,3.0
46593,27,1.0,1.0,4.0,4.0,3.0,1.0,1.0,3.0,3.0,3.0,3.0,
46594,27,1.0,1.0,4.0,4.0,3.0,7.0,1.0,1.0,3.0,3.0,3.0,3.0
46595,27,1.0,1.0,2.0,6.0,3.0,2.0,1.0,1.0,3.0,3.0,3.0,3.0
46596,27,1.0,1.0,4.0,4.0,3.0,2.0,1.0,1.0,3.0,3.0,3.0,3.0
46597,27,1.0,1.0,4.0,4.0,3.0,6.0,1.0,3.0,3.0,3.0,3.0,
46598,27,1.0,1.0,2.0,4.0,3.0,1.0,1.0,3.0,3.0,3.0,3.0,
46599,27,1.0,1.0,2.0,4.0,3.0,1.0,1.0,3.0,3.0,3.0,3.0,
46600,27,1.0,1.0,4.0,6.0,3.0,7.0,1.0,1.0,3.0,3.0,3.0,3.0
46601,27,1.0,1.0,4.0,4.0,3.0,1.0,1.0,3.0,3.0,3.0,3.0,
46602,27,1.0,1.0,2.0,4.0,3.0,1.0,1.0,3.0,3.0,3.0,3.0,
46603,27,1.0,1.0,4.0,4.0,3.0,7.0,1.0,1.0,3.0,3.0,3.0,3.0
46604,27,1.0,1.0,4.0,4.0,3.0,7.0,1.0,1.0,3.0,3.0,3.0,3.0
46605,27,1.0,1.0,4.0,6.0,3.0,9.0,1.0,1.0,1.0,1.0,1.0,1.0
46606,27,1.0,1.0,2.0,4.0,3.0,1.0,1.0,3.0,3.0,3.0,3.0,
46607,27,1.0,1.0,2.0,4.0,3.0,1.0,1.0,3.0,3.0,3.0,3.0,
46608,27,1.0,1.0,2.0,4.0,3.0,1.0,1.0,3.0,3.0,3.0,3.0,
46609,27,1.0,1.0,2.0,4.0,3.0,1.0,1.0,3.0,3.0,3.0,3.0,
46610,27,1.0,1.0,2.0,4.0,3.0,2.0,1.0,1.0,3.0,3.0,3.0,3.0
46612,27,1.0,1.0,4.0,4.0,3.0,1.0,1.0,3.0,3.0,3.0,3.0,
46613,27,1.0,1.0,2.0,4.0,3.0,6.0,1.0,3.0,3.0,3.0,3.0,
46614,27,1.0,1.0,4.0,6.0,3.0,6.0,1.0,3.0,3.0,3.0,3.0,
46615,27,1.0,1.0,2.0,4.0,3.0,1.0,1.0,3.0,3.0,3.0,3.0,
46616,27,1.0,1.0,4.0,4.0,3.0,1.0,1.0,3.0,3.0,3.0,3.0,
46617,27,1.0,1.0,4.0,4.0,3.0,1.0,1.0,3.0,3.0,3.0,3.0,
46618,27,1.0,1.0,2.0,4.0,3.0,1.0,1.0,3.0,3.0,3.0,3.0,
46621,27,1.0,1.0,2.0,4.0,3.0,1.0,1.0,3.0,3.0,3.0,3.0,
46622,27,1.0,1.0,4.0,4.0,3.0,2.0,1.0,1.0,3.0,3.0,3.0,3.0
46623,27,1.0,1.0,4.0,4.0,3.0,1.0,1.0,3.0,3.0,3.0,3.0,
46624,27,1.0,1.0,4.0,4.0,3.0,1.0,1.0,3.0,3.0,3.0,3.0,
46625,27,1.0,1.0,4.0,4.0,3.0,3.0,1.0,1.0,1.0,1.0,1.0,3.0
46626,27,1.0,1.0,4.0,6.0,3.0,1.0,1.0,3.0,3.0,3.0,3.0,
46627,27,1.0,1.0,4.0,6.0,3.0,6.0,1.0,3.0,3.0,3.0,3.0,
46628,27,1.0,1.0,4.0,4.0,3.0,1.0,1.0,3.0,3.0,3.0,3.0,
46629,27,1.0,1.0,2.0,4.0,3.0,1.0,1.0,3.0,3.0,3.0,3.0,
46630,27,1.0,1.0,2.0,6.0,3.0,7.0,1.0,1.0,3.0,3.0,3.0,3.0
46631,27,1.0,1.0,2.0,4.0,3.0,1.0,1.0,3.0,3.0,3.0,3.0,
46632,27,1.0,1.0,4.0,4.0,3.0,1.0,1.0,3.0,3.0,3.0,3.0,
46633,27,1.0,1.0,2.0,6.0,3.0,7.0,1.0,1.0,3.0,3.0,3.0,3.0
46634,27,1.0,1.0,4.0,4.0,3.0,1.0,1.0,3.0,3.0,3.0,3.0,
46635,27,1.0,1.0,2.0,4.0,3.0,1.0,1.0,3.0,3.0,3.0,3.0,
46636,27,1.0,1.0,4.0,4.0,3.0,1.0,1.0,3.0,3.0,3.0,3.0,
46637,27,1.0,1.0,4.0,4.0,3.0,1.0,1.0,3.0,3.0,3.0,3.0,
46638,27,1.0,1.0,4.0,6.0,3.0,7.0,1.0,1.0,3.0,3.0,3.0,3.0
46639,27,1.0,1.0,4.0,6.0,3.0,2.0,6.0,1.0,1.0,1.0,1.0,3.0
46640,27,1.0,3.0,4.0,6.0,3.0,8.0,6.0,3.0,3.0,1.0,1.0,3.0
46641,27,1.0,1.0,4.0,6.0,3.0,4.0,4.0,1.0,1.0,1.0,1.0,1.0
46642,27,1.0,1.0,4.0,6.0,3.0,6.0,1.0,3.0,3.0,3.0,3.0,
46643,27,1.0,1.0,4.0,6.0,3.0,6.0,6.0,3.0,3.0,3.0,3.0,
46644,27,1.0,3.0,4.0,6.0,3.0,3.0,6.0,1.0,1.0,1.0,1.0,1.0
46645,27,1.0,1.0,4.0,6.0,3.0,1.0,4.0,3.0,3.0,3.0,3.0,
46646,27,3.0,3.0,4.0,6.0,3.0,6.0,6.0,3.0,3.0,3.0,3.0,
46647,27,3.0,3.0,4.0,4.0,3.0,2.0,4.0,3.0,3.0,1.0,1.0,3.0
46648,27,1.0,1.0,2.0,2.0,3.0,7.0,1.0,1.0,3.0,3.0,1.0,3.0
46651,27,1.0,1.0,4.0,4.0,3.0,1.0,1.0,3.0,3.0,3.0,3.0,
46652,27,1.0,1.0,4.0,6.0,3.0,4.0,4.0,1.0,1.0,1.0,1.0,1.0
46657,27,1.0,1.0,2.0,4.0,3.0,8.0,6.0,1.0,1.0,1.0,1.0,3.0
46659,27,1.0,1.0,4.0,4.0,3.0,1.0,4.0,3.0,3.0,3.0,3.0,
46660,27,3.0,1.0,4.0,6.0,3.0,8.0,4.0,1.0,1.0,1.0,1.0,3.0
46661,27,1.0,1.0,4.0,4.0,3.0,6.0,1.0,3.0,3.0,3.0,3.0,
46662,27,1.0,1.0,4.0,6.0,3.0,6.0,6.0,3.0,3.0,3.0,3.0,
46663,27,1.0,,4.0,6.0,3.0,6.0,6.0,3.0,3.0,3.0,3.0,
46664,27,1.0,1.0,4.0,6.0,3.0,2.0,5.0,1.0,3.0,3.0,3.0,3.0
46665,27,1.0,1.0,4.0,4.0,3.0,1.0,5.0,3.0,3.0,3.0,3.0,
46666,27,1.0,1.0,2.0,4.0,3.0,1.0,5.0,3.0,3.0,3.0,3.0,
46667,27,1.0,1.0,4.0,4.0,3.0,1.0,5.0,3.0,3.0,3.0,3.0,
46668,27,1.0,3.0,4.0,4.0,3.0,1.0,6.0,3.0,3.0,3.0,3.0,
46669,27,1.0,1.0,2.0,4.0,3.0,1.0,6.0,3.0,3.0,3.0,3.0,
46670,27,3.0,3.0,4.0,6.0,3.0,9.0,6.0,1.0,1.0,1.0,1.0,3.0
46671,27,1.0,3.0,4.0,4.0,3.0,1.0,6.0,3.0,3.0,3.0,3.0,
46672,27,1.0,1.0,4.0,4.0,3.0,3.0,4.0,1.0,1.0,1.0,3.0,1.0
46674,27,1.0,1.0,4.0,4.0,3.0,8.0,1.0,1.0,1.0,1.0,3.0,3.0
46676,27,1.0,3.0,2.0,4.0,3.0,2.0,1.0,1.0,1.0,1.0,1.0,3.0
46677,27,1.0,1.0,4.0,4.0,3.0,6.0,1.0,3.0,3.0,3.0,3.0,
46679,27,1.0,1.0,4.0,4.0,3.0,2.0,1.0,1.0,1.0,1.0,1.0,3.0
46680,27,1.0,1.0,4.0,4.0,3.0,6.0,5.0,3.0,3.0,3.0,3.0,
46681,27,1.0,3.0,4.0,6.0,3.0,3.0,6.0,1.0,1.0,1.0,1.0,1.0
46682,27,1.0,3.0,4.0,4.0,3.0,6.0,1.0,3.0,3.0,3.0,3.0,
46684,27,1.0,1.0,4.0,2.0,3.0,1.0,1.0,3.0,3.0,3.0,3.0,
46685,27,1.0,1.0,4.0,4.0,3.0,6.0,4.0,3.0,3.0,3.0,3.0,
46687,27,1.0,1.0,4.0,4.0,3.0,1.0,1.0,3.0,3.0,3.0,3.0,
46688,27,1.0,1.0,4.0,4.0,3.0,1.0,1.0,3.0,3.0,3.0,3.0,
46689,27,1.0,1.0,4.0,4.0,3.0,6.0,1.0,3.0,3.0,3.0,3.0,
46690,27,1.0,1.0,4.0,4.0,3.0,1.0,1.0,3.0,3.0,3.0,3.0,
46693,27,1.0,1.0,4.0,6.0,3.0,3.0,1.0,1.0,3.0,1.0,1.0,3.0
46694,27,1.0,1.0,4.0,6.0,3.0,1.0,1.0,3.0,3.0,3.0,3.0,
46695,27,3.0,1.0,4.0,4.0,3.0,6.0,1.0,3.0,3.0,3.0,3.0,
46697,27,1.0,1.0,4.0,6.0,3.0,1.0,1.0,3.0,3.0,3.0,3.0,
46698,27,1.0,1.0,4.0,6.0,3.0,1.0,1.0,3.0,3.0,3.0,3.0,
46701,27,3.0,1.0,4.0,4.0,3.0,6.0,6.0,3.0,3.0,3.0,3.0,
46702,27,1.0,1.0,2.0,4.0,3.0,6.0,5.0,3.0,3.0,3.0,3.0,
46703,27,3.0,3.0,4.0,4.0,3.0,3.0,5.0,1.0,3.0,1.0,1.0,3.0
46704,27,1.0,1.0,4.0,6.0,3.0,6.0,2.0,3.0,3.0,3.0,3.0,
46705,27,1.0,1.0,2.0,6.0,3.0,1.0,5.0,3.0,3.0,3.0,3.0,
46706,27,1.0,1.0,4.0,4.0,3.0,1.0,5.0,3.0,3.0,3.0,3.0,
46707,27,1.0,1.0,4.0,4.0,3.0,1.0,5.0,3.0,3.0,3.0,3.0,
46708,27,1.0,1.0,4.0,4.0,3.0,1.0,1.0,3.0,3.0,3.0,3.0,
46709,27,1.0,1.0,4.0,4.0,3.0,2.0,1.0,1.0,3.0,3.0,1.0,3.0
46712,27,1.0,1.0,4.0,6.0,3.0,6.0,1.0,3.0,3.0,3.0,3.0,
46715,27,1.0,1.0,4.0,4.0,3.0,2.0,1.0,1.0,3.0,1.0,3.0,3.0
46716,27,1.0,1.0,4.0,2.0,3.0,1.0,1.0,3.0,3.0,3.0,3.0,
46717,27,1.0,1.0,4.0,4.0,3.0,7.0,1.0,3.0,1.0,3.0,3.0,3.0
46718,27,1.0,1.0,2.0,6.0,3.0,2.0,1.0,1.0,1.0,3.0,1.0,3.0
46719,27,1.0,1.0,4.0,4.0,3.0,1.0,1.0,3.0,3.0,3.0,3.0,
46720,27,1.0,1.0,4.0,4.0,3.0,6.0,1.0,3.0,3.0,3.0,3.0,
46722,27,1.0,1.0,4.0,2.0,3.0,2.0,1.0,1.0,3.0,1.0,3.0,3.0
46723,27,1.0,1.0,4.0,6.0,3.0,2.0,1.0,1.0,1.0,1.0,1.0,3.0
46725,27,1.0,1.0,4.0,2.0,3.0,1.0,1.0,3.0,3.0,3.0,3.0,
46726,27,1.0,1.0,4.0,4.0,3.0,2.0,1.0,3.0,3.0,1.0,3.0,3.0
46727,27,1.0,1.0,4.0,4.0,3.0,6.0,1.0,3.0,3.0,3.0,3.0,
46728,27,1.0,1.0,4.0,6.0,3.0,4.0,1.0,1.0,1.0,1.0,1.0,3.0
46729,27,1.0,1.0,2.0,4.0,3.0,4.0,1.0,1.0,1.0,1.0,1.0,1.0
46731,27,1.0,1.0,2.0,4.0,3.0,3.0,1.0,1.0,1.0,1.0,1.0,1.0
46732,27,1.0,1.0,4.0,4.0,3.0,1.0,1.0,3.0,3.0,3.0,3.0,
46733,27,1.0,1.0,2.0,2.0,3.0,1.0,1.0,3.0,3.0,3.0,3.0,
46734,27,1.0,1.0,2.0,2.0,3.0,1.0,1.0,3.0,3.0,3.0,3.0,
46736,27,1.0,1.0,2.0,2.0,3.0,1.0,1.0,3.0,3.0,3.0,3.0,
46737,27,1.0,1.0,2.0,4.0,3.0,6.0,1.0,3.0,3.0,3.0,3.0,
46738,27,1.0,1.0,2.0,4.0,3.0,6.0,1.0,3.0,3.0,3.0,3.0,
46740,27,1.0,1.0,4.0,6.0,3.0,4.0,5.0,1.0,1.0,1.0,1.0,3.0
46741,27,3.0,1.0,4.0,4.0,3.0,2.0,5.0,1.0,3.0,1.0,1.0,1.0
46742,27,1.0,1.0,4.0,4.0,3.0,3.0,5.0,1.0,1.0,1.0,1.0,1.0
46743,27,1.0,1.0,4.0,4.0,3.0,8.0,1.0,1.0,1.0,1.0,1.0,3.0
46744,27,1.0,1.0,2.0,2.0,3.0,2.0,1.0,1.0,1.0,1.0,1.0,3.0
46745,27,3.0,3.0,4.0,6.0,3.0,4.0,5.0,1.0,1.0,1.0,1.0,1.0
46746,27,1.0,1.0,4.0,4.0,3.0,6.0,1.0,3.0,3.0,3.0,3.0,
46747,27,1.0,1.0,4.0,4.0,3.0,6.0,1.0,3.0,3.0,3.0,3.0,
46748,27,1.0,1.0,2.0,4.0,3.0,8.0,1.0,1.0,1.0,1.0,1.0,3.0
46750,27,1.0,1.0,4.0,4.0,3.0,4.0,6.0,1.0,1.0,1.0,1.0,1.0
46751,27,1.0,1.0,4.0,4.0,3.0,1.0,6.0,3.0,3.0,3.0,3.0,
46752,27,1.0,1.0,4.0,6.0,3.0,6.0,2.0,3.0,3.0,3.0,3.0,
46753,27,1.0,3.0,4.0,4.0,3.0,9.0,6.0,1.0,1.0,1.0,1.0,1.0
46754,27,1.0,1.0,4.0,6.0,3.0,6.0,5.0,3.0,3.0,3.0,3.0,
46756,27,1.0,3.0,4.0,6.0,3.0,1.0,6.0,3.0,3.0,3.0,3.0,
46757,27,1.0,3.0,4.0,6.0,3.0,1.0,6.0,3.0,3.0,3.0,3.0,
46759,27,1.0,1.0,4.0,4.0,3.0,6.0,3.0,3.0,3.0,3.0,3.0,
46760,27,1.0,1.0,2.0,4.0,3.0,1.0,3.0,3.0,3.0,3.0,3.0,
46761,27,1.0,1.0,4.0,2.0,3.0,1.0,2.0,3.0,3.0,3.0,3.0,
46762,27,1.0,1.0,4.0,4.0,3.0,1.0,5.0,3.0,3.0,3.0,3.0,
46764,27,1.0,1.0,4.0,4.0,3.0,6.0,5.0,3.0,3.0,3.0,3.0,
46765,27,1.0,1.0,4.0,4.0,3.0,6.0,2.0,3.0,3.0,3.0,3.0,
46766,27,1.0,1.0,4.0,4.0,3.0,1.0,2.0,3.0,3.0,3.0,3.0,
46767,27,1.0,1.0,4.0,6.0,3.0,6.0,5.0,3.0,3.0,3.0,3.0,
46768,27,1.0,1.0,4.0,4.0,3.0,1.0,5.0,3.0,3.0,3.0,3.0,
46769,27,1.0,1.0,4.0,4.0,3.0,1.0,5.0,3.0,3.0,3.0,3.0,
46770,27,1.0,3.0,4.0,4.0,3.0,1.0,2.0,3.0,3.0,3.0,3.0,
46771,27,1.0,3.0,4.0,4.0,3.0,1.0,2.0,3.0,3.0,3.0,3.0,
46772,27,1.0,3.0,4.0,6.0,3.0,2.0,2.0,1.0,3.0,3.0,3.0,3.0
46773,27,3.0,3.0,4.0,6.0,3.0,6.0,5.0,3.0,3.0,3.0,3.0,
46774,27,1.0,1.0,4.0,4.0,3.0,6.0,5.0,3.0,3.0,3.0,3.0,
46776,27,1.0,1.0,4.0,6.0,3.0,6.0,5.0,3.0,3.0,3.0,3.0,
46777,27,1.0,1.0,2.0,2.0,3.0,1.0,5.0,3.0,3.0,3.0,3.0,
46778,27,1.0,1.0,4.0,6.0,3.0,1.0,5.0,3.0,3.0,3.0,3.0,
46779,27,1.0,1.0,2.0,6.0,3.0,6.0,5.0,3.0,3.0,3.0,3.0,
46781,27,2.0,3.0,4.0,6.0,3.0,2.0,3.0,1.0,3.0,1.0,3.0,3.0
46782,27,1.0,1.0,4.0,4.0,3.0,6.0,4.0,3.0,3.0,3.0,3.0,
46783,27,1.0,1.0,4.0,4.0,3.0,6.0,5.0,3.0,3.0,3.0,3.0,
46787,27,1.0,3.0,4.0,6.0,3.0,1.0,2.0,3.0,3.0,3.0,3.0,
46789,27,1.0,1.0,4.0,6.0,3.0,1.0,5.0,3.0,3.0,3.0,3.0,
46790,27,1.0,1.0,4.0,4.0,3.0,1.0,5.0,3.0,3.0,3.0,3.0,
46791,27,1.0,1.0,4.0,4.0,3.0,1.0,5.0,3.0,3.0,3.0,3.0,
46792,27,1.0,1.0,4.0,6.0,3.0,6.0,5.0,3.0,3.0,3.0,3.0,
46793,27,3.0,1.0,4.0,6.0,3.0,6.0,5.0,3.0,3.0,3.0,3.0,
46795,27,1.0,2.0,4.0,2.0,3.0,6.0,2.0,3.0,3.0,3.0,3.0,
46796,27,1.0,1.0,2.0,2.0,1.0,6.0,1.0,3.0,3.0,3.0,3.0,
46797,27,1.0,1.0,4.0,2.0,3.0,6.0,1.0,3.0,3.0,3.0,3.0,
46800,27,1.0,1.0,2.0,4.0,3.0,6.0,1.0,3.0,3.0,3.0,3.0,
46801,27,1.0,2.0,2.0,4.0,1.0,1.0,1.0,3.0,3.0,3.0,3.0,
46802,27,1.0,2.0,4.0,2.0,3.0,6.0,1.0,3.0,3.0,3.0,3.0,
46804,27,1.0,1.0,2.0,2.0,1.0,6.0,1.0,3.0,3.0,3.0,3.0,
46805,27,1.0,2.0,4.0,2.0,3.0,1.0,1.0,3.0,3.0,3.0,3.0,
46806,27,1.0,2.0,4.0,4.0,1.0,6.0,2.0,3.0,3.0,3.0,3.0,
46807,27,1.0,2.0,2.0,4.0,3.0,6.0,2.0,3.0,3.0,3.0,3.0,
46808,27,1.0,2.0,4.0,2.0,3.0,6.0,2.0,3.0,3.0,3.0,3.0,
46809,27,1.0,2.0,4.0,2.0,1.0,6.0,2.0,3.0,3.0,3.0,3.0,
46810,27,1.0,1.0,2.0,4.0,3.0,1.0,1.0,3.0,3.0,3.0,3.0,
46811,27,1.0,1.0,4.0,4.0,3.0,6.0,1.0,3.0,3.0,3.0,3.0,
46812,27,1.0,2.0,4.0,2.0,3.0,6.0,2.0,3.0,3.0,3.0,3.0,
46814,27,1.0,1.0,2.0,2.0,3.0,1.0,2.0,3.0,3.0,3.0,3.0,
46815,27,1.0,1.0,2.0,4.0,3.0,6.0,2.0,3.0,3.0,3.0,3.0,
46819,27,1.0,1.0,4.0,2.0,3.0,1.0,1.0,3.0,3.0,3.0,3.0,
46825,27,1.0,1.0,4.0,4.0,3.0,2.0,1.0,3.0,3.0,1.0,3.0,3.0
46826,27,1.0,1.0,4.0,4.0,3.0,6.0,1.0,3.0,3.0,3.0,3.0,
46827,27,1.0,1.0,2.0,2.0,3.0,1.0,1.0,3.0,3.0,3.0,3.0,
46828,27,1.0,1.0,4.0,4.0,3.0,1.0,1.0,3.0,3.0,3.0,3.0,
46829,27,1.0,1.0,4.0,2.0,3.0,1.0,1.0,3.0,3.0,3.0,3.0,
46830,27,1.0,1.0,4.0,4.0,3.0,6.0,1.0,3.0,3.0,3.0,3.0,
46831,27,1.0,1.0,4.0,2.0,1.0,1.0,1.0,3.0,3.0,3.0,3.0,
46832,27,1.0,1.0,4.0,4.0,3.0,1.0,1.0,3.0,3.0,3.0,3.0,
46834,27,1.0,1.0,4.0,2.0,3.0,6.0,1.0,3.0,3.0,3.0,3.0,
46835,27,1.0,1.0,2.0,4.0,3.0,3.0,2.0,1.0,1.0,1.0,1.0,3.0
46837,27,1.0,1.0,4.0,6.0,3.0,4.0,1.0,1.0,1.0,1.0,1.0,1.0
46838,27,1.0,1.0,4.0,4.0,3.0,1.0,1.0,3.0,3.0,3.0,3.0,
46839,27,1.0,1.0,2.0,4.0,1.0,1.0,1.0,3.0,3.0,3.0,3.0,
46841,27,1.0,1.0,4.0,2.0,1.0,7.0,1.0,3.0,3.0,1.0,3.0,3.0
46842,27,1.0,2.0,2.0,2.0,3.0,1.0,1.0,3.0,3.0,3.0,3.0,
46844,27,1.0,2.0,2.0,2.0,3.0,1.0,1.0,3.0,3.0,3.0,3.0,
46848,27,1.0,1.0,4.0,2.0,1.0,6.0,1.0,3.0,3.0,3.0,3.0,
46849,27,1.0,1.0,4.0,4.0,3.0,6.0,1.0,3.0,3.0,3.0,3.0,
46850,27,1.0,1.0,4.0,4.0,1.0,6.0,2.0,3.0,3.0,3.0,3.0,
46852,27,1.0,1.0,4.0,2.0,3.0,6.0,1.0,3.0,3.0,3.0,3.0,
46853,27,1.0,1.0,4.0,2.0,1.0,6.0,1.0,3.0,3.0,3.0,3.0,
46856,27,1.0,2.0,2.0,4.0,1.0,1.0,1.0,3.0,3.0,3.0,3.0,
46857,27,1.0,2.0,4.0,4.0,1.0,1.0,1.0,3.0,3.0,3.0,3.0,
46860,27,1.0,1.0,4.0,2.0,3.0,6.0,1.0,3.0,3.0,3.0,3.0,
46861,27,1.0,1.0,2.0,4.0,3.0,6.0,1.0,3.0,3.0,3.0,3.0,
46862,27,1.0,1.0,4.0,2.0,3.0,1.0,2.0,3.0,3.0,3.0,3.0,
46864,27,1.0,1.0,2.0,4.0,3.0,6.0,1.0,3.0,3.0,3.0,3.0,
46867,27,1.0,1.0,2.0,4.0,1.0,6.0,1.0,3.0,3.0,3.0,3.0,
46868,27,1.0,1.0,4.0,2.0,3.0,6.0,1.0,3.0,3.0,3.0,3.0,
46869,27,1.0,1.0,4.0,4.0,3.0,1.0,2.0,3.0,3.0,3.0,3.0,
46870,27,1.0,1.0,4.0,4.0,3.0,6.0,1.0,3.0,3.0,3.0,3.0,
46873,27,1.0,1.0,4.0,4.0,3.0,6.0,1.0,3.0,3.0,3.0,3.0,
46874,27,1.0,1.0,4.0,2.0,3.0,6.0,1.0,3.0,3.0,3.0,3.0,
46876,27,1.0,1.0,4.0,2.0,3.0,1.0,1.0,3.0,3.0,3.0,3.0,
46880,27,1.0,1.0,2.0,4.0,3.0,2.0,1.0,1.0,3.0,3.0,3.0,3.0
46881,27,1.0,1.0,4.0,2.0,3.0,6.0,1.0,3.0,3.0,3.0,3.0,
46883,27,1.0,1.0,4.0,2.0,3.0,3.0,1.0,1.0,1.0,1.0,1.0,3.0
46884,27,1.0,1.0,4.0,2.0,3.0,6.0,1.0,3.0,3.0,3.0,3.0,
46886,27,1.0,1.0,2.0,4.0,3.0,2.0,1.0,3.0,3.0,3.0,1.0,3.0
46887,27,1.0,1.0,4.0,6.0,3.0,6.0,1.0,3.0,3.0,3.0,3.0,
46888,27,1.0,1.0,4.0,2.0,3.0,7.0,1.0,1.0,3.0,1.0,3.0,3.0
46890,27,1.0,1.0,2.0,4.0,3.0,1.0,5.0,3.0,3.0,3.0,3.0,
46891,27,1.0,1.0,4.0,4.0,3.0,3.0,1.0,1.0,1.0,1.0,1.0,1.0
46892,27,1.0,1.0,4.0,4.0,3.0,4.0,1.0,1.0,1.0,1.0,1.0,1.0
46893,27,1.0,1.0,2.0,4.0,3.0,1.0,1.0,3.0,3.0,3.0,3.0,
46894,27,1.0,1.0,4.0,6.0,1.0,9.0,2.0,1.0,1.0,1.0,1.0,1.0
46895,27,1.0,1.0,2.0,2.0,3.0,1.0,2.0,3.0,3.0,3.0,3.0,
46896,27,1.0,1.0,2.0,2.0,3.0,1.0,1.0,3.0,3.0,3.0,3.0,
46897,27,1.0,1.0,4.0,4.0,3.0,6.0,1.0,3.0,3.0,3.0,3.0,
46898,27,1.0,1.0,4.0,4.0,3.0,6.0,1.0,3.0,3.0,3.0,3.0,
46899,27,1.0,1.0,2.0,2.0,3.0,2.0,1.0,1.0,1.0,3.0,1.0,3.0
46901,27,1.0,1.0,4.0,2.0,3.0,1.0,1.0,3.0,3.0,3.0,3.0,
46902,27,1.0,1.0,4.0,2.0,3.0,6.0,1.0,3.0,3.0,3.0,3.0,
46903,27,1.0,1.0,4.0,4.0,3.0,6.0,1.0,3.0,3.0,3.0,3.0,
46904,27,1.0,1.0,4.0,4.0,3.0,2.0,1.0,3.0,3.0,3.0,1.0,3.0
46905,27,1.0,1.0,4.0,4.0,3.0,1.0,1.0,3.0,3.0,3.0,3.0,
46906,27,1.0,1.0,4.0,2.0,3.0,6.0,1.0,3.0,3.0,3.0,3.0,
46907,27,1.0,1.0,4.0,2.0,3.0,6.0,1.0,3.0,3.0,3.0,3.0,
46908,27,1.0,1.0,4.0,2.0,3.0,6.0,1.0,3.0,3.0,3.0,3.0,
46909,27,1.0,1.0,4.0,4.0,1.0,1.0,1.0,3.0,3.0,3.0,3.0,
46910,27,1.0,1.0,4.0,4.0,3.0,9.0,1.0,1.0,1.0,1.0,1.0,1.0
46912,27,1.0,1.0,4.0,2.0,3.0,6.0,1.0,3.0,3.0,3.0,3.0,
46913,27,1.0,1.0,4.0,4.0,3.0,1.0,6.0,3.0,3.0,3.0,3.0,
46914,27,1.0,1.0,4.0,4.0,3.0,3.0,1.0,1.0,1.0,1.0,1.0,3.0
46915,27,1.0,1.0,4.0,6.0,3.0,2.0,1.0,3.0,3.0,1.0,3.0,
46916,27,1.0,1.0,4.0,2.0,3.0,6.0,1.0,3.0,3.0,3.0,3.0,
46917,27,1.0,1.0,2.0,4.0,3.0,6.0,1.0,3.0,3.0,3.0,3.0,
46918,27,1.0,1.0,4.0,2.0,3.0,1.0,6.0,3.0,3.0,3.0,3.0,
46919,27,1.0,1.0,4.0,4.0,3.0,4.0,1.0,1.0,1.0,1.0,1.0,1.0
46920,27,1.0,1.0,4.0,4.0,3.0,4.0,1.0,1.0,1.0,1.0,1.0,1.0
46921,27,1.0,1.0,4.0,2.0,3.0,4.0,1.0,1.0,1.0,1.0,1.0,1.0
46922,27,1.0,1.0,4.0,4.0,3.0,1.0,4.0,3.0,3.0,3.0,3.0,
46923,27,1.0,1.0,4.0,6.0,3.0,6.0,1.0,3.0,3.0,3.0,3.0,
46924,27,1.0,1.0,2.0,2.0,3.0,1.0,1.0,3.0,3.0,3.0,3.0,
46925,27,1.0,,4.0,6.0,3.0,9.0,1.0,1.0,1.0,1.0,1.0,1.0
46926,27,1.0,1.0,4.0,4.0,3.0,3.0,1.0,1.0,3.0,1.0,1.0,1.0
46927,27,1.0,1.0,4.0,4.0,3.0,1.0,1.0,3.0,3.0,3.0,3.0,
46928,27,1.0,1.0,4.0,4.0,3.0,2.0,4.0,1.0,1.0,1.0,1.0,3.0
46929,27,1.0,1.0,4.0,2.0,3.0,1.0,1.0,3.0,3.0,3.0,3.0,
46930,27,1.0,1.0,4.0,4.0,3.0,1.0,1.0,3.0,3.0,3.0,3.0,
46931,27,1.0,1.0,4.0,4.0,3.0,6.0,1.0,3.0,3.0,3.0,3.0,
46933,27,1.0,1.0,4.0,2.0,3.0,7.0,1.0,3.0,1.0,3.0,3.0,3.0
46934,27,1.0,1.0,4.0,4.0,3.0,9.0,1.0,3.0,1.0,1.0,1.0,3.0
46935,27,1.0,1.0,4.0,4.0,1.0,6.0,1.0,3.0,3.0,3.0,3.0,
46937,27,1.0,1.0,2.0,2.0,3.0,6.0,1.0,3.0,3.0,3.0,3.0,
46938,27,1.0,1.0,4.0,4.0,3.0,4.0,1.0,3.0,1.0,1.0,1.0,1.0
46939,27,1.0,1.0,4.0,2.0,3.0,6.0,1.0,3.0,3.0,3.0,3.0,
46940,27,1.0,1.0,4.0,6.0,3.0,7.0,4.0,3.0,1.0,1.0,1.0,3.0
46941,27,1.0,1.0,4.0,4.0,3.0,4.0,1.0,1.0,1.0,1.0,1.0,1.0
46942,27,1.0,1.0,4.0,2.0,3.0,6.0,1.0,3.0,3.0,3.0,3.0,
46944,27,1.0,1.0,4.0,2.0,3.0,4.0,1.0,1.0,1.0,1.0,1.0,1.0
46945,27,1.0,1.0,4.0,4.0,3.0,6.0,1.0,3.0,3.0,3.0,3.0,
46948,27,1.0,1.0,4.0,4.0,3.0,6.0,1.0,3.0,3.0,3.0,3.0,
46949,27,1.0,1.0,4.0,4.0,3.0,1.0,1.0,3.0,3.0,3.0,3.0,
46950,27,1.0,1.0,4.0,2.0,3.0,1.0,1.0,3.0,3.0,3.0,3.0,
46951,27,1.0,1.0,4.0,4.0,3.0,7.0,1.0,3.0,3.0,1.0,1.0,3.0
46952,27,1.0,1.0,4.0,4.0,3.0,9.0,1.0,1.0,1.0,1.0,1.0,1.0
46953,27,1.0,1.0,4.0,4.0,3.0,1.0,1.0,3.0,3.0,3.0,3.0,
46954,27,1.0,1.0,4.0,4.0,3.0,3.0,1.0,1.0,1.0,1.0,1.0,1.0
46955,27,1.0,1.0,4.0,2.0,3.0,1.0,1.0,3.0,3.0,3.0,3.0,
46956,27,1.0,1.0,2.0,4.0,3.0,1.0,1.0,3.0,3.0,3.0,3.0,
46957,27,1.0,1.0,2.0,4.0,3.0,1.0,1.0,3.0,3.0,3.0,3.0,
46959,27,1.0,1.0,2.0,4.0,3.0,6.0,1.0,3.0,3.0,3.0,3.0,
46960,27,1.0,1.0,4.0,4.0,3.0,6.0,1.0,3.0,3.0,3.0,3.0,
46961,27,1.0,1.0,2.0,4.0,3.0,1.0,1.0,3.0,3.0,3.0,3.0,
46962,27,1.0,1.0,4.0,6.0,3.0,6.0,1.0,3.0,3.0,3.0,3.0,
46963,27,1.0,1.0,4.0,4.0,3.0,6.0,1.0,3.0,3.0,3.0,3.0,
46966,27,1.0,1.0,4.0,4.0,3.0,1.0,2.0,3.0,3.0,3.0,3.0,
46967,27,1.0,1.0,4.0,2.0,3.0,3.0,2.0,1.0,1.0,1.0,1.0,3.0
46968,27,1.0,1.0,4.0,4.0,3.0,1.0,2.0,3.0,3.0,3.0,3.0,
46969,27,1.0,1.0,4.0,4.0,3.0,2.0,2.0,1.0,3.0,3.0,1.0,3.0
46970,27,1.0,1.0,4.0,2.0,3.0,2.0,1.0,3.0,3.0,3.0,1.0,3.0
46971,27,1.0,1.0,4.0,4.0,1.0,1.0,1.0,3.0,3.0,3.0,3.0,
46972,27,1.0,1.0,4.0,4.0,3.0,6.0,4.0,3.0,3.0,3.0,3.0,
46974,27,1.0,1.0,4.0,4.0,3.0,2.0,1.0,3.0,3.0,1.0,3.0,3.0
46975,27,1.0,1.0,4.0,6.0,3.0,6.0,1.0,3.0,3.0,3.0,3.0,
46976,27,1.0,1.0,4.0,4.0,3.0,1.0,1.0,3.0,3.0,3.0,3.0,
46977,27,1.0,1.0,4.0,4.0,3.0,1.0,1.0,3.0,3.0,3.0,3.0,
46978,27,1.0,1.0,4.0,4.0,3.0,2.0,2.0,1.0,3.0,3.0,1.0,3.0
46979,27,1.0,1.0,4.0,4.0,3.0,9.0,1.0,1.0,1.0,1.0,1.0,3.0
46980,27,1.0,1.0,4.0,4.0,3.0,2.0,1.0,1.0,3.0,1.0,3.0,3.0
46982,27,1.0,1.0,2.0,4.0,3.0,6.0,1.0,3.0,3.0,3.0,3.0,
46983,27,1.0,1.0,2.0,2.0,3.0,6.0,1.0,3.0,3.0,3.0,3.0,
46985,27,1.0,1.0,2.0,2.0,3.0,6.0,1.0,3.0,3.0,3.0,3.0,
46987,27,1.0,1.0,2.0,2.0,1.0,8.0,1.0,1.0,1.0,1.0,3.0,3.0
46988,27,1.0,1.0,2.0,2.0,3.0,6.0,1.0,3.0,3.0,3.0,3.0,
46990,27,1.0,1.0,4.0,2.0,3.0,6.0,1.0,3.0,3.0,3.0,3.0,
46992,27,1.0,1.0,2.0,4.0,3.0,1.0,1.0,3.0,3.0,3.0,3.0,
46993,27,1.0,1.0,4.0,4.0,3.0,1.0,1.0,3.0,3.0,3.0,3.0,
46994,27,1.0,1.0,2.0,2.0,3.0,6.0,1.0,3.0,3.0,3.0,3.0,
46996,27,1.0,1.0,2.0,2.0,3.0,6.0,1.0,3.0,3.0,3.0,3.0,
46997,27,1.0,1.0,2.0,4.0,3.0,1.0,1.0,3.0,3.0,3.0,3.0,
46998,27,1.0,1.0,2.0,4.0,3.0,6.0,1.0,3.0,3.0,3.0,3.0,
46999,27,1.0,1.0,2.0,2.0,1.0,6.0,1.0,3.0,3.0,3.0,3.0,
47000,27,1.0,1.0,2.0,4.0,3.0,6.0,1.0,3.0,3.0,3.0,3.0,
47001,27,1.0,1.0,4.0,2.0,3.0,1.0,2.0,3.0,3.0,3.0,3.0,
47002,27,1.0,1.0,4.0,2.0,3.0,1.0,2.0,3.0,3.0,3.0,3.0,
47004,27,1.0,1.0,2.0,2.0,3.0,1.0,1.0,3.0,3.0,3.0,3.0,
47005,27,1.0,1.0,2.0,2.0,1.0,6.0,2.0,3.0,3.0,3.0,3.0,
47006,27,1.0,1.0,2.0,2.0,3.0,6.0,1.0,3.0,3.0,3.0,3.0,
47007,27,1.0,1.0,2.0,4.0,1.0,1.0,1.0,3.0,3.0,3.0,3.0,
47008,27,1.0,1.0,2.0,4.0,3.0,6.0,1.0,3.0,3.0,3.0,3.0,
47009,27,1.0,1.0,2.0,2.0,3.0,1.0,1.0,3.0,3.0,3.0,3.0,
47010,27,1.0,1.0,2.0,2.0,3.0,6.0,1.0,3.0,3.0,3.0,3.0,
47011,27,1.0,1.0,2.0,4.0,3.0,6.0,1.0,3.0,3.0,3.0,3.0,
47012,27,1.0,1.0,2.0,4.0,3.0,1.0,1.0,3.0,3.0,3.0,3.0,
47013,27,1.0,1.0,2.0,2.0,1.0,1.0,1.0,3.0,3.0,3.0,3.0,
47014,27,1.0,1.0,2.0,4.0,3.0,1.0,1.0,3.0,3.0,3.0,3.0,
47016,27,1.0,1.0,2.0,2.0,1.0,1.0,1.0,3.0,3.0,3.0,3.0,
47017,27,1.0,1.0,4.0,2.0,3.0,1.0,1.0,3.0,3.0,3.0,3.0,
47018,27,1.0,1.0,4.0,2.0,3.0,1.0,1.0,3.0,3.0,3.0,3.0,
47020,27,1.0,1.0,2.0,2.0,1.0,6.0,1.0,3.0,3.0,3.0,3.0,
47021,27,1.0,1.0,2.0,2.0,1.0,6.0,1.0,3.0,3.0,3.0,3.0,
47024,27,1.0,1.0,2.0,4.0,3.0,6.0,1.0,3.0,3.0,3.0,3.0,
47025,27,1.0,1.0,2.0,4.0,3.0,1.0,1.0,3.0,3.0,3.0,3.0,
47027,27,1.0,1.0,2.0,4.0,3.0,1.0,1.0,3.0,3.0,3.0,3.0,
47028,27,1.0,1.0,4.0,4.0,3.0,1.0,2.0,3.0,3.0,3.0,3.0,
47029,27,1.0,1.0,2.0,4.0,1.0,6.0,1.0,3.0,3.0,3.0,3.0,
47031,27,1.0,1.0,4.0,2.0,3.0,6.0,1.0,3.0,3.0,3.0,3.0,
47034,27,1.0,1.0,2.0,2.0,1.0,6.0,1.0,3.0,3.0,3.0,3.0,
47035,27,1.0,1.0,4.0,4.0,1.0,6.0,1.0,3.0,3.0,3.0,3.0,
47037,27,1.0,1.0,2.0,4.0,3.0,1.0,1.0,3.0,3.0,3.0,3.0,
47038,27,1.0,1.0,2.0,2.0,3.0,1.0,1.0,3.0,3.0,3.0,3.0,
47039,27,3.0,1.0,4.0,4.0,3.0,9.0,6.0,1.0,1.0,1.0,1.0,3.0
47040,27,1.0,1.0,4.0,6.0,3.0,6.0,1.0,3.0,3.0,3.0,3.0,
47041,27,1.0,1.0,2.0,2.0,3.0,6.0,1.0,3.0,3.0,3.0,3.0,
47042,27,1.0,1.0,4.0,4.0,3.0,1.0,1.0,3.0,3.0,3.0,3.0,
47043,27,1.0,1.0,2.0,2.0,3.0,6.0,1.0,3.0,3.0,3.0,3.0,
47044,27,1.0,1.0,2.0,4.0,1.0,1.0,1.0,3.0,3.0,3.0,3.0,
47045,27,1.0,1.0,2.0,2.0,3.0,3.0,1.0,1.0,1.0,1.0,1.0,3.0
47046,27,1.0,1.0,2.0,4.0,3.0,8.0,1.0,1.0,1.0,1.0,1.0,3.0
47048,27,1.0,1.0,2.0,2.0,3.0,3.0,1.0,1.0,1.0,1.0,1.0,3.0
47049,27,1.0,1.0,2.0,4.0,3.0,6.0,1.0,3.0,3.0,3.0,3.0,
47050,27,1.0,1.0,2.0,2.0,1.0,1.0,1.0,3.0,3.0,3.0,3.0,
47051,27,1.0,1.0,4.0,2.0,3.0,9.0,1.0,1.0,1.0,1.0,1.0,1.0
47052,27,1.0,1.0,2.0,2.0,1.0,1.0,1.0,3.0,3.0,3.0,3.0,
47053,27,1.0,1.0,4.0,4.0,3.0,1.0,1.0,3.0,3.0,3.0,3.0,
47054,27,1.0,1.0,4.0,4.0,3.0,1.0,1.0,3.0,3.0,3.0,3.0,
47055,27,1.0,1.0,2.0,2.0,3.0,7.0,1.0,3.0,3.0,1.0,1.0,3.0
47056,27,1.0,1.0,4.0,4.0,3.0,3.0,1.0,1.0,1.0,1.0,1.0,3.0
47057,27,1.0,1.0,2.0,4.0,3.0,4.0,1.0,1.0,1.0,1.0,1.0,1.0
47058,27,1.0,1.0,4.0,4.0,3.0,2.0,2.0,1.0,1.0,1.0,3.0,3.0
47059,27,1.0,1.0,4.0,4.0,3.0,6.0,2.0,3.0,3.0,3.0,3.0,
47060,27,1.0,1.0,4.0,2.0,3.0,6.0,2.0,3.0,3.0,3.0,3.0,
47061,27,1.0,1.0,2.0,4.0,3.0,6.0,1.0,3.0,3.0,3.0,3.0,
47062,27,1.0,1.0,2.0,4.0,3.0,1.0,1.0,3.0,3.0,3.0,3.0,
47064,27,1.0,1.0,4.0,4.0,3.0,1.0,1.0,3.0,3.0,3.0,3.0,
47065,27,1.0,1.0,2.0,4.0,3.0,3.0,2.0,1.0,1.0,1.0,1.0,3.0
47066,27,1.0,1.0,2.0,4.0,3.0,2.0,2.0,1.0,3.0,3.0,3.0,3.0
47067,27,1.0,1.0,4.0,4.0,3.0,3.0,2.0,1.0,1.0,1.0,1.0,3.0
47068,27,1.0,1.0,4.0,2.0,3.0,1.0,1.0,3.0,3.0,3.0,3.0,
47069,27,1.0,1.0,4.0,4.0,3.0,1.0,1.0,3.0,3.0,3.0,3.0,
47070,27,1.0,1.0,4.0,2.0,3.0,1.0,2.0,3.0,3.0,3.0,3.0,
47071,27,1.0,1.0,2.0,4.0,3.0,6.0,2.0,3.0,3.0,3.0,3.0,
47072,27,1.0,1.0,4.0,4.0,3.0,7.0,2.0,3.0,3.0,1.0,3.0,3.0
47073,27,1.0,1.0,2.0,4.0,3.0,6.0,2.0,3.0,3.0,3.0,3.0,
47074,27,1.0,1.0,4.0,2.0,3.0,4.0,1.0,1.0,1.0,1.0,1.0,3.0
47075,27,1.0,1.0,4.0,4.0,3.0,1.0,1.0,3.0,3.0,3.0,3.0,
47076,27,1.0,1.0,4.0,4.0,3.0,3.0,1.0,1.0,1.0,1.0,3.0,3.0
47077,27,1.0,1.0,4.0,4.0,3.0,4.0,1.0,1.0,1.0,1.0,1.0,1.0
47078,27,1.0,1.0,4.0,4.0,3.0,1.0,1.0,3.0,3.0,3.0,3.0,
47079,27,1.0,1.0,2.0,4.0,3.0,6.0,1.0,3.0,3.0,3.0,3.0,
47080,27,1.0,1.0,4.0,2.0,3.0,9.0,1.0,1.0,1.0,1.0,1.0,1.0
47081,27,1.0,1.0,2.0,4.0,3.0,3.0,1.0,1.0,1.0,1.0,1.0,3.0
47082,27,1.0,1.0,2.0,2.0,1.0,1.0,1.0,3.0,3.0,3.0,3.0,
47084,27,1.0,1.0,4.0,4.0,3.0,3.0,1.0,1.0,1.0,1.0,1.0,3.0
47087,27,1.0,1.0,2.0,4.0,3.0,1.0,1.0,3.0,3.0,3.0,3.0,
47088,27,1.0,1.0,4.0,4.0,3.0,1.0,1.0,3.0,3.0,3.0,3.0,
47089,27,1.0,1.0,4.0,2.0,3.0,6.0,1.0,3.0,3.0,3.0,3.0,
47090,27,1.0,1.0,4.0,4.0,3.0,1.0,1.0,3.0,3.0,3.0,3.0,
47091,27,1.0,1.0,4.0,4.0,3.0,2.0,1.0,3.0,3.0,1.0,1.0,3.0
47092,27,1.0,1.0,4.0,2.0,3.0,4.0,2.0,3.0,1.0,1.0,1.0,1.0
47093,27,1.0,1.0,2.0,2.0,3.0,1.0,1.0,3.0,3.0,3.0,3.0,
47094,27,1.0,1.0,4.0,2.0,3.0,6.0,1.0,3.0,3.0,3.0,3.0,
47095,27,1.0,1.0,4.0,4.0,3.0,3.0,1.0,1.0,1.0,1.0,1.0,3.0
47096,27,1.0,1.0,4.0,4.0,3.0,2.0,1.0,1.0,3.0,3.0,3.0,3.0
47098,27,1.0,1.0,4.0,4.0,3.0,9.0,1.0,1.0,1.0,1.0,1.0,1.0
47099,27,1.0,1.0,2.0,4.0,3.0,9.0,5.0,1.0,3.0,1.0,1.0,1.0
47100,27,1.0,1.0,4.0,4.0,3.0,8.0,1.0,1.0,1.0,1.0,1.0,3.0
47102,27,1.0,1.0,4.0,6.0,3.0,6.0,4.0,3.0,3.0,3.0,3.0,
47103,27,1.0,1.0,2.0,4.0,3.0,1.0,1.0,3.0,3.0,3.0,3.0,
47104,27,1.0,1.0,4.0,4.0,3.0,8.0,1.0,1.0,1.0,1.0,1.0,3.0
47105,27,1.0,1.0,4.0,4.0,1.0,6.0,1.0,3.0,3.0,3.0,3.0,
47106,27,1.0,1.0,4.0,4.0,3.0,1.0,4.0,3.0,3.0,3.0,3.0,
47107,27,1.0,1.0,4.0,4.0,3.0,1.0,1.0,3.0,3.0,3.0,3.0,
47108,27,1.0,1.0,4.0,4.0,3.0,1.0,1.0,3.0,3.0,3.0,3.0,
47109,27,1.0,1.0,4.0,4.0,3.0,1.0,1.0,3.0,3.0,3.0,3.0,
47110,27,1.0,1.0,4.0,4.0,3.0,1.0,1.0,3.0,3.0,3.0,3.0,
47111,27,1.0,1.0,4.0,2.0,3.0,3.0,1.0,1.0,1.0,1.0,1.0,3.0
47112,27,1.0,3.0,4.0,6.0,3.0,4.0,6.0,1.0,1.0,1.0,1.0,1.0
47114,27,1.0,1.0,4.0,4.0,3.0,3.0,1.0,1.0,3.0,3.0,3.0,1.0
47116,27,1.0,1.0,4.0,2.0,3.0,6.0,1.0,3.0,3.0,3.0,3.0,
47118,27,1.0,1.0,4.0,4.0,3.0,6.0,1.0,3.0,3.0,3.0,3.0,
47119,27,1.0,1.0,4.0,4.0,3.0,6.0,4.0,3.0,3.0,3.0,3.0,
47121,27,1.0,1.0,2.0,4.0,3.0,2.0,1.0,1.0,3.0,1.0,1.0,1.0
47122,27,1.0,1.0,4.0,4.0,3.0,1.0,1.0,3.0,3.0,3.0,3.0,
47123,27,1.0,1.0,2.0,4.0,3.0,1.0,1.0,3.0,3.0,3.0,3.0,
47125,27,1.0,1.0,4.0,4.0,3.0,1.0,1.0,3.0,3.0,3.0,3.0,
47126,27,1.0,1.0,4.0,4.0,1.0,6.0,1.0,3.0,3.0,3.0,3.0,
47127,27,1.0,1.0,4.0,4.0,3.0,7.0,1.0,1.0,1.0,3.0,1.0,3.0
47128,27,1.0,1.0,4.0,4.0,3.0,6.0,1.0,3.0,3.0,3.0,3.0,
47129,27,1.0,1.0,4.0,2.0,3.0,6.0,1.0,3.0,3.0,3.0,3.0,
47130,27,1.0,1.0,4.0,4.0,3.0,1.0,1.0,3.0,3.0,3.0,3.0,
47131,27,1.0,1.0,4.0,4.0,3.0,6.0,2.0,3.0,3.0,3.0,3.0,
47132,27,1.0,1.0,4.0,4.0,3.0,8.0,1.0,1.0,1.0,3.0,1.0,3.0
47133,27,1.0,1.0,4.0,4.0,3.0,3.0,2.0,1.0,1.0,1.0,3.0,3.0
47134,27,1.0,1.0,4.0,4.0,3.0,3.0,2.0,1.0,1.0,1.0,1.0,3.0
47135,27,1.0,1.0,4.0,4.0,3.0,2.0,1.0,1.0,3.0,3.0,3.0,3.0
47136,27,1.0,1.0,4.0,4.0,3.0,2.0,1.0,1.0,1.0,1.0,1.0,3.0
47138,27,1.0,1.0,4.0,4.0,1.0,2.0,1.0,1.0,3.0,3.0,3.0,3.0
47140,27,1.0,1.0,4.0,4.0,3.0,1.0,1.0,3.0,3.0,3.0,3.0,
47141,27,1.0,1.0,2.0,4.0,3.0,6.0,2.0,3.0,3.0,3.0,3.0,
47142,27,1.0,1.0,4.0,4.0,1.0,1.0,2.0,3.0,3.0,3.0,3.0,
47143,27,1.0,1.0,4.0,4.0,3.0,6.0,1.0,3.0,3.0,3.0,3.0,
47144,27,1.0,1.0,4.0,4.0,3.0,1.0,1.0,3.0,3.0,3.0,3.0,
47145,27,1.0,1.0,4.0,2.0,3.0,1.0,2.0,3.0,3.0,3.0,3.0,
47146,27,1.0,1.0,4.0,4.0,3.0,1.0,1.0,3.0,3.0,3.0,3.0,
47147,27,1.0,1.0,4.0,4.0,3.0,1.0,1.0,3.0,3.0,3.0,3.0,
47148,27,1.0,1.0,4.0,4.0,3.0,6.0,2.0,3.0,3.0,3.0,3.0,
47149,27,1.0,1.0,4.0,4.0,3.0,1.0,1.0,3.0,3.0,3.0,3.0,
47150,27,1.0,1.0,4.0,4.0,3.0,1.0,1.0,3.0,3.0,3.0,3.0,
47151,27,1.0,1.0,4.0,2.0,3.0,1.0,1.0,3.0,3.0,3.0,3.0,
47152,27,1.0,1.0,4.0,4.0,3.0,7.0,1.0,3.0,3.0,1.0,3.0,3.0
47154,27,1.0,1.0,4.0,2.0,3.0,6.0,1.0,3.0,3.0,3.0,3.0,
47156,27,1.0,1.0,4.0,4.0,3.0,2.0,2.0,1.0,3.0,3.0,3.0,3.0
47158,27,1.0,1.0,2.0,4.0,3.0,1.0,2.0,3.0,3.0,3.0,3.0,
47160,27,1.0,1.0,4.0,4.0,3.0,7.0,2.0,1.0,3.0,3.0,1.0,3.0
47161,27,1.0,1.0,2.0,4.0,1.0,6.0,2.0,3.0,3.0,3.0,3.0,
47163,27,1.0,1.0,2.0,2.0,3.0,1.0,2.0,3.0,3.0,3.0,3.0,
47164,27,1.0,1.0,2.0,2.0,1.0,1.0,2.0,3.0,3.0,3.0,3.0,
47165,27,1.0,1.0,4.0,4.0,3.0,1.0,1.0,3.0,3.0,3.0,3.0,
47166,27,1.0,1.0,2.0,2.0,3.0,1.0,2.0,3.0,3.0,3.0,3.0,
47167,27,1.0,1.0,4.0,4.0,1.0,6.0,2.0,3.0,3.0,3.0,3.0,
47168,27,1.0,1.0,2.0,4.0,3.0,1.0,2.0,3.0,3.0,3.0,3.0,
47169,27,1.0,1.0,4.0,2.0,3.0,1.0,1.0,3.0,3.0,3.0,3.0,
47170,27,1.0,1.0,2.0,2.0,3.0,1.0,1.0,3.0,3.0,3.0,3.0,
47171,27,1.0,1.0,4.0,2.0,1.0,3.0,1.0,1.0,3.0,1.0,1.0,3.0
47173,27,1.0,1.0,2.0,2.0,3.0,6.0,1.0,3.0,3.0,3.0,3.0,
47174,27,1.0,1.0,4.0,4.0,3.0,8.0,1.0,1.0,1.0,1.0,1.0,3.0
47175,27,1.0,1.0,4.0,4.0,3.0,6.0,1.0,3.0,3.0,3.0,3.0,
47176,27,1.0,1.0,4.0,4.0,3.0,6.0,1.0,3.0,3.0,3.0,3.0,
47177,27,1.0,1.0,4.0,4.0,3.0,2.0,1.0,1.0,3.0,3.0,3.0,3.0
47178,27,1.0,1.0,4.0,4.0,3.0,6.0,1.0,3.0,3.0,3.0,3.0,
47180,27,1.0,1.0,4.0,4.0,3.0,1.0,1.0,3.0,3.0,3.0,3.0,
47181,27,1.0,1.0,4.0,4.0,3.0,3.0,1.0,1.0,1.0,1.0,1.0,1.0
47182,27,1.0,1.0,2.0,4.0,1.0,2.0,1.0,3.0,3.0,1.0,3.0,3.0
47183,27,1.0,1.0,4.0,4.0,3.0,1.0,1.0,3.0,3.0,3.0,3.0,
47184,27,1.0,1.0,4.0,4.0,3.0,1.0,1.0,3.0,3.0,3.0,3.0,
47185,27,1.0,1.0,4.0,4.0,3.0,1.0,1.0,3.0,3.0,3.0,3.0,
47186,27,1.0,1.0,4.0,2.0,3.0,2.0,1.0,1.0,3.0,1.0,3.0,3.0
47188,27,1.0,1.0,4.0,4.0,3.0,6.0,1.0,3.0,3.0,3.0,3.0,
47189,27,1.0,1.0,4.0,4.0,3.0,1.0,1.0,3.0,3.0,3.0,3.0,
47190,27,1.0,1.0,4.0,4.0,3.0,2.0,1.0,1.0,3.0,3.0,3.0,3.0
47191,27,1.0,1.0,4.0,4.0,3.0,1.0,1.0,3.0,3.0,3.0,3.0,
47192,27,1.0,1.0,4.0,6.0,3.0,4.0,1.0,1.0,1.0,1.0,1.0,1.0
47193,27,1.0,5.0,4.0,6.0,3.0,9.0,1.0,1.0,3.0,1.0,1.0,1.0
47195,27,1.0,1.0,4.0,4.0,3.0,2.0,1.0,1.0,1.0,3.0,1.0,1.0
47196,27,1.0,1.0,4.0,4.0,3.0,1.0,4.0,3.0,3.0,3.0,3.0,
47197,27,1.0,1.0,2.0,2.0,3.0,2.0,1.0,3.0,3.0,3.0,1.0,3.0
47198,27,1.0,1.0,4.0,4.0,3.0,2.0,1.0,1.0,1.0,3.0,1.0,3.0
47199,27,1.0,1.0,2.0,4.0,3.0,1.0,6.0,3.0,3.0,3.0,3.0,
47200,27,1.0,1.0,4.0,2.0,1.0,1.0,1.0,3.0,3.0,3.0,3.0,
47201,27,1.0,1.0,2.0,4.0,3.0,1.0,1.0,3.0,3.0,3.0,3.0,
47202,27,1.0,1.0,4.0,4.0,3.0,6.0,1.0,3.0,3.0,3.0,3.0,
47203,27,1.0,1.0,4.0,4.0,3.0,1.0,1.0,3.0,3.0,3.0,3.0,
47204,27,1.0,1.0,4.0,4.0,3.0,1.0,1.0,3.0,3.0,3.0,3.0,
47205,27,1.0,1.0,4.0,4.0,3.0,4.0,1.0,1.0,1.0,1.0,1.0,3.0
47206,27,1.0,1.0,4.0,2.0,3.0,1.0,1.0,3.0,3.0,3.0,3.0,
47207,27,1.0,1.0,2.0,2.0,3.0,1.0,1.0,3.0,3.0,3.0,3.0,
47208,27,1.0,1.0,2.0,4.0,3.0,9.0,1.0,1.0,1.0,1.0,1.0,1.0
47210,27,1.0,1.0,2.0,4.0,3.0,3.0,1.0,1.0,1.0,1.0,1.0,1.0
47212,27,1.0,1.0,2.0,4.0,3.0,2.0,1.0,1.0,1.0,1.0,1.0,3.0
47213,27,1.0,1.0,4.0,4.0,3.0,3.0,1.0,1.0,1.0,1.0,1.0,3.0
47214,27,1.0,1.0,4.0,4.0,3.0,2.0,1.0,3.0,3.0,3.0,1.0,3.0
47215,27,1.0,1.0,4.0,4.0,3.0,1.0,1.0,3.0,3.0,3.0,3.0,
47216,27,1.0,1.0,4.0,4.0,3.0,1.0,1.0,3.0,3.0,3.0,3.0,
47217,27,1.0,1.0,2.0,4.0,3.0,1.0,1.0,3.0,3.0,3.0,3.0,
47218,27,1.0,1.0,4.0,4.0,3.0,1.0,1.0,3.0,3.0,3.0,3.0,
47220,27,1.0,1.0,2.0,4.0,3.0,6.0,1.0,3.0,3.0,3.0,3.0,
47221,27,1.0,1.0,4.0,4.0,3.0,1.0,1.0,3.0,3.0,3.0,3.0,
47222,27,1.0,1.0,4.0,4.0,3.0,1.0,1.0,3.0,3.0,3.0,3.0,
47223,27,1.0,1.0,4.0,4.0,3.0,6.0,1.0,3.0,3.0,3.0,3.0,
47224,27,1.0,1.0,4.0,4.0,3.0,6.0,1.0,3.0,3.0,3.0,3.0,
47225,27,1.0,1.0,2.0,2.0,1.0,1.0,1.0,3.0,3.0,3.0,3.0,
47226,27,1.0,1.0,2.0,2.0,3.0,1.0,1.0,3.0,3.0,3.0,3.0,
47227,27,1.0,1.0,2.0,2.0,1.0,1.0,1.0,3.0,3.0,3.0,3.0,
47228,27,1.0,1.0,2.0,2.0,3.0,6.0,1.0,3.0,3.0,3.0,3.0,
47229,27,1.0,1.0,2.0,4.0,3.0,2.0,1.0,3.0,3.0,1.0,3.0,3.0
47230,27,1.0,1.0,2.0,4.0,1.0,6.0,1.0,3.0,3.0,3.0,3.0,
47231,27,1.0,1.0,2.0,2.0,3.0,6.0,1.0,3.0,3.0,3.0,3.0,
47232,27,1.0,1.0,2.0,4.0,3.0,2.0,1.0,3.0,3.0,1.0,3.0,3.0
47233,27,1.0,1.0,2.0,2.0,3.0,2.0,1.0,1.0,3.0,1.0,1.0,3.0
47234,27,1.0,1.0,2.0,4.0,3.0,6.0,1.0,3.0,3.0,3.0,3.0,
47235,27,1.0,1.0,2.0,4.0,3.0,6.0,1.0,3.0,3.0,3.0,3.0,
47236,27,1.0,1.0,2.0,4.0,3.0,6.0,1.0,3.0,3.0,3.0,3.0,
47237,27,1.0,1.0,4.0,4.0,1.0,3.0,1.0,1.0,3.0,1.0,1.0,3.0
47239,27,1.0,,4.0,6.0,3.0,9.0,1.0,1.0,3.0,1.0,1.0,1.0
47240,27,1.0,1.0,4.0,4.0,3.0,2.0,1.0,3.0,3.0,1.0,3.0,3.0
47241,27,1.0,1.0,4.0,4.0,3.0,2.0,1.0,1.0,3.0,1.0,3.0,3.0
47242,27,1.0,1.0,4.0,2.0,3.0,2.0,1.0,1.0,3.0,1.0,1.0,3.0
47243,27,1.0,1.0,4.0,4.0,3.0,4.0,1.0,1.0,1.0,1.0,1.0,1.0
47244,27,1.0,1.0,2.0,2.0,3.0,1.0,1.0,3.0,3.0,3.0,3.0,
47245,27,1.0,1.0,4.0,4.0,3.0,1.0,1.0,3.0,3.0,3.0,3.0,
47246,27,1.0,1.0,4.0,6.0,3.0,9.0,6.0,1.0,1.0,1.0,1.0,1.0
47247,27,1.0,1.0,2.0,4.0,3.0,1.0,1.0,3.0,3.0,3.0,3.0,
47248,27,1.0,1.0,4.0,4.0,3.0,1.0,1.0,3.0,3.0,3.0,3.0,
47249,27,1.0,1.0,4.0,2.0,3.0,4.0,6.0,1.0,1.0,1.0,1.0,1.0
47250,27,1.0,1.0,2.0,4.0,3.0,9.0,1.0,1.0,1.0,1.0,1.0,1.0
47252,27,1.0,1.0,4.0,4.0,1.0,3.0,2.0,1.0,1.0,1.0,1.0,1.0
47253,27,1.0,1.0,2.0,4.0,3.0,1.0,1.0,3.0,3.0,3.0,3.0,
47254,27,1.0,1.0,4.0,4.0,3.0,4.0,2.0,1.0,1.0,1.0,1.0,1.0
47255,27,1.0,1.0,4.0,4.0,3.0,9.0,1.0,1.0,1.0,1.0,1.0,1.0
47256,27,1.0,1.0,4.0,4.0,3.0,4.0,2.0,1.0,1.0,1.0,1.0,1.0
47257,27,1.0,1.0,4.0,4.0,3.0,8.0,1.0,3.0,1.0,1.0,1.0,3.0
47259,27,1.0,1.0,2.0,4.0,3.0,6.0,1.0,3.0,3.0,3.0,3.0,
47261,27,1.0,1.0,2.0,4.0,3.0,1.0,1.0,3.0,3.0,3.0,3.0,
47262,27,1.0,1.0,2.0,4.0,3.0,1.0,1.0,3.0,3.0,3.0,3.0,
47263,27,1.0,1.0,2.0,4.0,3.0,6.0,1.0,3.0,3.0,3.0,3.0,
47264,27,1.0,1.0,2.0,4.0,3.0,1.0,1.0,3.0,3.0,3.0,3.0,
47265,27,1.0,1.0,2.0,4.0,3.0,3.0,6.0,1.0,1.0,1.0,3.0,3.0
47266,27,1.0,1.0,4.0,4.0,3.0,3.0,1.0,1.0,3.0,1.0,1.0,3.0
47267,27,1.0,1.0,2.0,4.0,3.0,1.0,1.0,3.0,3.0,3.0,3.0,
47269,27,1.0,1.0,2.0,2.0,3.0,6.0,1.0,3.0,3.0,3.0,3.0,
47270,27,1.0,1.0,2.0,2.0,3.0,6.0,1.0,3.0,3.0,3.0,3.0,
47271,27,1.0,1.0,2.0,2.0,3.0,6.0,1.0,3.0,3.0,3.0,3.0,
47272,27,1.0,1.0,2.0,2.0,1.0,1.0,1.0,3.0,3.0,3.0,3.0,
47273,27,1.0,1.0,2.0,4.0,3.0,1.0,1.0,3.0,3.0,3.0,3.0,
47274,27,1.0,1.0,2.0,2.0,3.0,1.0,1.0,3.0,3.0,3.0,3.0,
47275,27,1.0,1.0,2.0,2.0,3.0,1.0,1.0,3.0,3.0,3.0,3.0,
47276,27,1.0,1.0,4.0,4.0,3.0,6.0,4.0,3.0,3.0,3.0,3.0,
47277,27,1.0,1.0,4.0,4.0,3.0,3.0,1.0,1.0,1.0,1.0,1.0,3.0
47279,27,1.0,1.0,4.0,4.0,3.0,2.0,2.0,1.0,1.0,1.0,3.0,3.0
47280,27,1.0,1.0,4.0,4.0,3.0,2.0,1.0,1.0,3.0,3.0,3.0,3.0
47282,27,1.0,1.0,4.0,6.0,3.0,2.0,2.0,1.0,1.0,1.0,1.0,3.0
47283,27,1.0,1.0,2.0,4.0,3.0,9.0,2.0,1.0,1.0,1.0,1.0,1.0
47284,27,1.0,1.0,4.0,4.0,3.0,1.0,5.0,3.0,3.0,3.0,3.0,
47285,27,1.0,1.0,4.0,4.0,3.0,1.0,5.0,3.0,3.0,3.0,3.0,
47286,27,1.0,1.0,2.0,4.0,3.0,1.0,5.0,3.0,3.0,3.0,3.0,
47287,27,1.0,1.0,4.0,2.0,3.0,1.0,2.0,3.0,3.0,3.0,3.0,
47288,27,1.0,1.0,2.0,4.0,3.0,1.0,2.0,3.0,3.0,3.0,3.0,
47289,27,1.0,1.0,4.0,4.0,3.0,4.0,2.0,1.0,1.0,1.0,1.0,1.0
47290,27,1.0,1.0,2.0,4.0,3.0,1.0,2.0,3.0,3.0,3.0,3.0,
47292,27,1.0,1.0,4.0,4.0,3.0,1.0,1.0,3.0,3.0,3.0,3.0,
47293,27,1.0,1.0,4.0,4.0,3.0,1.0,1.0,3.0,3.0,3.0,3.0,
47294,27,1.0,1.0,4.0,4.0,3.0,6.0,1.0,3.0,3.0,3.0,3.0,
47295,27,1.0,1.0,2.0,4.0,3.0,1.0,2.0,3.0,3.0,3.0,3.0,
47296,27,1.0,1.0,4.0,4.0,3.0,6.0,2.0,3.0,3.0,3.0,3.0,
47297,27,1.0,1.0,4.0,4.0,3.0,2.0,2.0,1.0,1.0,1.0,3.0,3.0
47298,27,1.0,1.0,4.0,2.0,3.0,6.0,1.0,3.0,3.0,3.0,3.0,
47299,27,1.0,1.0,4.0,2.0,3.0,7.0,2.0,1.0,3.0,3.0,3.0,3.0
47303,27,1.0,1.0,2.0,4.0,1.0,1.0,5.0,3.0,3.0,3.0,3.0,
47304,27,1.0,1.0,4.0,4.0,3.0,6.0,1.0,3.0,3.0,3.0,3.0,
47305,27,1.0,1.0,4.0,4.0,1.0,1.0,2.0,3.0,3.0,3.0,3.0,
47306,27,1.0,1.0,4.0,4.0,3.0,9.0,2.0,1.0,1.0,1.0,1.0,1.0
47307,27,1.0,1.0,2.0,4.0,3.0,6.0,2.0,3.0,3.0,3.0,3.0,
47308,27,1.0,1.0,2.0,4.0,3.0,6.0,2.0,3.0,3.0,3.0,3.0,
47309,27,1.0,1.0,4.0,4.0,3.0,1.0,2.0,3.0,3.0,3.0,3.0,
47310,27,1.0,1.0,4.0,4.0,3.0,7.0,2.0,1.0,3.0,3.0,3.0,3.0
47311,27,1.0,1.0,4.0,4.0,1.0,3.0,2.0,1.0,1.0,1.0,1.0,3.0
47312,27,1.0,1.0,4.0,4.0,3.0,2.0,2.0,3.0,1.0,1.0,1.0,3.0
47313,27,1.0,1.0,4.0,4.0,3.0,6.0,2.0,3.0,3.0,3.0,3.0,
47314,27,1.0,1.0,2.0,2.0,3.0,6.0,2.0,3.0,3.0,3.0,3.0,
47315,27,1.0,1.0,2.0,4.0,3.0,6.0,5.0,3.0,3.0,3.0,3.0,
47316,27,1.0,1.0,4.0,2.0,3.0,2.0,5.0,1.0,1.0,1.0,1.0,3.0
47317,27,1.0,1.0,4.0,4.0,3.0,6.0,2.0,3.0,3.0,3.0,3.0,
47318,27,1.0,1.0,4.0,4.0,3.0,1.0,2.0,3.0,3.0,3.0,3.0,
47320,27,1.0,1.0,4.0,4.0,3.0,6.0,1.0,3.0,3.0,3.0,3.0,
47321,27,1.0,1.0,2.0,4.0,3.0,1.0,2.0,3.0,3.0,3.0,3.0,
47322,27,1.0,1.0,4.0,4.0,3.0,1.0,1.0,3.0,3.0,3.0,3.0,
47323,27,1.0,1.0,4.0,4.0,3.0,1.0,1.0,3.0,3.0,3.0,3.0,
47325,27,1.0,1.0,4.0,4.0,3.0,2.0,1.0,1.0,3.0,1.0,3.0,3.0
47326,27,1.0,1.0,4.0,4.0,3.0,1.0,2.0,3.0,3.0,3.0,3.0,
47327,27,1.0,1.0,4.0,4.0,3.0,3.0,2.0,1.0,1.0,1.0,1.0,1.0
47328,27,1.0,1.0,4.0,4.0,3.0,9.0,2.0,1.0,1.0,1.0,1.0,3.0
47329,27,1.0,1.0,4.0,4.0,3.0,1.0,2.0,3.0,3.0,3.0,3.0,
47330,27,1.0,1.0,2.0,2.0,3.0,1.0,6.0,3.0,3.0,3.0,3.0,
47331,27,1.0,1.0,4.0,4.0,3.0,1.0,6.0,3.0,3.0,3.0,3.0,
47332,27,1.0,1.0,4.0,4.0,3.0,2.0,2.0,1.0,1.0,1.0,1.0,1.0
47333,27,1.0,1.0,4.0,4.0,3.0,1.0,1.0,3.0,3.0,3.0,3.0,
47334,27,1.0,1.0,4.0,4.0,3.0,1.0,1.0,3.0,3.0,3.0,3.0,
47335,27,1.0,1.0,2.0,4.0,3.0,7.0,2.0,3.0,3.0,3.0,1.0,3.0
47336,27,1.0,1.0,4.0,4.0,3.0,4.0,1.0,1.0,1.0,1.0,1.0,1.0
47337,27,1.0,1.0,4.0,4.0,3.0,2.0,2.0,1.0,1.0,1.0,1.0,3.0
47338,27,1.0,1.0,4.0,6.0,3.0,9.0,2.0,1.0,1.0,1.0,1.0,1.0
47339,27,1.0,1.0,2.0,4.0,3.0,1.0,2.0,3.0,3.0,3.0,3.0,
47340,27,1.0,1.0,2.0,4.0,3.0,8.0,2.0,1.0,3.0,1.0,3.0,3.0
47341,27,1.0,1.0,4.0,4.0,3.0,6.0,5.0,3.0,3.0,3.0,3.0,
47342,27,1.0,1.0,4.0,4.0,3.0,1.0,1.0,3.0,3.0,3.0,3.0,
47343,27,1.0,1.0,4.0,4.0,3.0,1.0,1.0,3.0,3.0,3.0,3.0,
47344,27,1.0,1.0,2.0,4.0,3.0,1.0,1.0,3.0,3.0,3.0,3.0,
47345,27,1.0,1.0,4.0,4.0,3.0,6.0,2.0,3.0,3.0,3.0,3.0,
47346,27,1.0,1.0,4.0,4.0,3.0,1.0,2.0,3.0,3.0,3.0,3.0,
47347,27,1.0,1.0,2.0,2.0,3.0,6.0,2.0,3.0,3.0,3.0,3.0,
47348,27,1.0,1.0,2.0,2.0,3.0,1.0,2.0,3.0,3.0,3.0,3.0,
47349,27,1.0,1.0,2.0,2.0,3.0,1.0,2.0,3.0,3.0,3.0,3.0,
47350,27,1.0,1.0,4.0,2.0,3.0,6.0,2.0,3.0,3.0,3.0,3.0,
47351,27,1.0,1.0,4.0,4.0,3.0,2.0,2.0,1.0,1.0,3.0,3.0,3.0
47352,27,1.0,1.0,4.0,2.0,3.0,1.0,1.0,3.0,3.0,3.0,3.0,
47353,27,1.0,1.0,4.0,2.0,3.0,7.0,2.0,1.0,1.0,1.0,3.0,3.0
47354,27,1.0,1.0,4.0,4.0,3.0,1.0,2.0,3.0,3.0,3.0,3.0,
47355,27,1.0,1.0,4.0,2.0,1.0,1.0,2.0,3.0,3.0,3.0,3.0,
47356,27,1.0,1.0,4.0,4.0,3.0,6.0,2.0,3.0,3.0,3.0,3.0,
47357,27,1.0,1.0,4.0,4.0,3.0,6.0,2.0,3.0,3.0,3.0,3.0,
47358,27,1.0,1.0,4.0,4.0,3.0,1.0,1.0,3.0,3.0,3.0,3.0,
47359,27,1.0,1.0,4.0,2.0,3.0,6.0,2.0,3.0,3.0,3.0,3.0,
47360,27,1.0,1.0,4.0,2.0,3.0,1.0,2.0,3.0,3.0,3.0,3.0,
47361,27,1.0,1.0,4.0,4.0,3.0,1.0,1.0,3.0,3.0,3.0,3.0,
47362,27,1.0,1.0,4.0,4.0,3.0,6.0,1.0,3.0,3.0,3.0,3.0,
47363,27,1.0,1.0,4.0,4.0,3.0,2.0,2.0,1.0,3.0,3.0,3.0,3.0
47364,27,1.0,1.0,4.0,4.0,3.0,1.0,2.0,3.0,3.0,3.0,3.0,
47365,27,1.0,1.0,2.0,4.0,3.0,8.0,2.0,1.0,1.0,1.0,1.0,3.0
47367,27,1.0,1.0,4.0,2.0,1.0,6.0,2.0,3.0,3.0,3.0,3.0,
47368,27,1.0,1.0,2.0,4.0,3.0,2.0,2.0,1.0,3.0,1.0,3.0,3.0
47369,27,1.0,1.0,4.0,4.0,3.0,6.0,2.0,3.0,3.0,3.0,3.0,
47370,27,1.0,1.0,4.0,2.0,3.0,6.0,2.0,3.0,3.0,3.0,3.0,
47371,27,1.0,1.0,4.0,4.0,3.0,1.0,1.0,3.0,3.0,3.0,3.0,
47372,27,1.0,1.0,4.0,4.0,3.0,6.0,1.0,3.0,3.0,3.0,3.0,
47373,27,1.0,1.0,2.0,4.0,3.0,1.0,1.0,3.0,3.0,3.0,3.0,
47375,27,1.0,1.0,4.0,4.0,3.0,1.0,2.0,3.0,3.0,3.0,3.0,
47376,27,1.0,1.0,4.0,4.0,3.0,7.0,1.0,1.0,3.0,3.0,3.0,3.0
47377,27,1.0,1.0,4.0,4.0,3.0,1.0,1.0,3.0,3.0,3.0,3.0,
47378,27,1.0,1.0,4.0,4.0,3.0,1.0,1.0,3.0,3.0,3.0,3.0,
47379,27,1.0,1.0,4.0,2.0,3.0,6.0,5.0,3.0,3.0,3.0,3.0,
47381,27,1.0,1.0,4.0,2.0,3.0,6.0,1.0,3.0,3.0,3.0,3.0,
47382,27,1.0,1.0,2.0,4.0,3.0,1.0,1.0,3.0,3.0,3.0,3.0,
47383,27,1.0,1.0,2.0,4.0,3.0,6.0,1.0,3.0,3.0,3.0,3.0,
47384,27,1.0,1.0,4.0,2.0,3.0,1.0,1.0,3.0,3.0,3.0,3.0,
47385,27,1.0,1.0,4.0,4.0,3.0,6.0,1.0,3.0,3.0,3.0,3.0,
47386,27,1.0,1.0,2.0,2.0,3.0,7.0,1.0,3.0,1.0,1.0,1.0,3.0
47387,27,1.0,1.0,4.0,4.0,3.0,1.0,1.0,3.0,3.0,3.0,3.0,
47389,27,1.0,1.0,4.0,4.0,3.0,3.0,1.0,1.0,3.0,1.0,1.0,1.0
47390,27,1.0,1.0,4.0,4.0,3.0,2.0,1.0,1.0,3.0,3.0,3.0,3.0
47391,27,1.0,1.0,4.0,2.0,3.0,3.0,4.0,1.0,1.0,1.0,3.0,3.0
47392,27,1.0,1.0,2.0,4.0,3.0,1.0,1.0,3.0,3.0,3.0,3.0,
47393,27,1.0,1.0,4.0,2.0,3.0,6.0,1.0,3.0,3.0,3.0,3.0,
47394,27,1.0,1.0,2.0,2.0,3.0,1.0,1.0,3.0,3.0,3.0,3.0,
47395,27,1.0,1.0,4.0,4.0,3.0,1.0,1.0,3.0,3.0,3.0,3.0,
47396,27,1.0,1.0,2.0,4.0,3.0,7.0,1.0,1.0,3.0,3.0,1.0,3.0
47397,27,1.0,1.0,4.0,4.0,3.0,1.0,4.0,3.0,3.0,3.0,3.0,
47399,27,1.0,1.0,4.0,4.0,3.0,1.0,1.0,3.0,3.0,3.0,3.0,
47400,27,1.0,1.0,4.0,2.0,3.0,1.0,1.0,3.0,3.0,3.0,3.0,
47401,27,1.0,1.0,4.0,4.0,3.0,1.0,1.0,3.0,3.0,3.0,3.0,
47403,27,1.0,1.0,4.0,4.0,3.0,2.0,1.0,1.0,1.0,3.0,1.0,3.0
47407,27,1.0,1.0,4.0,4.0,3.0,1.0,1.0,3.0,3.0,3.0,3.0,
47408,27,1.0,1.0,4.0,4.0,3.0,7.0,2.0,1.0,1.0,1.0,3.0,3.0
47410,27,1.0,1.0,2.0,4.0,3.0,6.0,2.0,3.0,3.0,3.0,3.0,
47415,27,1.0,1.0,4.0,4.0,1.0,6.0,1.0,3.0,3.0,3.0,3.0,
47419,27,1.0,1.0,4.0,2.0,3.0,2.0,1.0,1.0,1.0,1.0,1.0,3.0
47421,27,1.0,1.0,2.0,4.0,3.0,1.0,1.0,3.0,3.0,3.0,3.0,
47422,27,1.0,1.0,4.0,4.0,3.0,6.0,6.0,3.0,3.0,3.0,3.0,
47423,27,1.0,1.0,4.0,4.0,3.0,2.0,6.0,1.0,1.0,1.0,1.0,3.0
47424,27,1.0,1.0,4.0,6.0,3.0,7.0,6.0,1.0,3.0,1.0,3.0,3.0
47425,27,1.0,1.0,4.0,4.0,3.0,3.0,1.0,1.0,1.0,1.0,1.0,3.0
47426,27,1.0,4.0,4.0,6.0,3.0,3.0,6.0,1.0,3.0,1.0,1.0,3.0
47427,27,1.0,1.0,4.0,4.0,3.0,6.0,6.0,3.0,3.0,3.0,3.0,
47429,27,1.0,1.0,4.0,4.0,3.0,3.0,5.0,3.0,3.0,1.0,1.0,3.0
47430,27,1.0,1.0,2.0,4.0,3.0,1.0,1.0,3.0,3.0,3.0,3.0,
47432,27,1.0,1.0,4.0,2.0,3.0,1.0,1.0,3.0,3.0,3.0,3.0,
47433,27,1.0,1.0,2.0,6.0,3.0,1.0,5.0,3.0,3.0,3.0,3.0,
47434,27,1.0,1.0,4.0,4.0,3.0,6.0,1.0,3.0,3.0,3.0,3.0,
47435,27,1.0,1.0,4.0,4.0,3.0,1.0,1.0,3.0,3.0,3.0,3.0,
47436,27,1.0,1.0,4.0,4.0,3.0,1.0,1.0,3.0,3.0,3.0,3.0,
47437,27,1.0,1.0,4.0,6.0,3.0,1.0,6.0,3.0,3.0,3.0,3.0,
47439,27,1.0,1.0,2.0,4.0,3.0,6.0,1.0,3.0,3.0,3.0,3.0,
47440,27,1.0,1.0,2.0,4.0,3.0,6.0,1.0,3.0,3.0,3.0,3.0,
47441,27,1.0,1.0,4.0,4.0,3.0,1.0,1.0,3.0,3.0,3.0,3.0,
47443,27,1.0,1.0,4.0,4.0,3.0,2.0,1.0,1.0,1.0,1.0,1.0,3.0
47444,27,1.0,1.0,2.0,4.0,3.0,1.0,1.0,3.0,3.0,3.0,3.0,
47445,27,1.0,1.0,4.0,6.0,3.0,6.0,1.0,3.0,3.0,3.0,3.0,
47446,27,1.0,1.0,4.0,6.0,3.0,4.0,6.0,1.0,1.0,1.0,1.0,1.0
47447,27,1.0,1.0,4.0,4.0,1.0,1.0,1.0,3.0,3.0,3.0,3.0,
47448,27,1.0,1.0,2.0,4.0,3.0,6.0,1.0,3.0,3.0,3.0,3.0,
47449,27,1.0,1.0,4.0,4.0,3.0,8.0,1.0,1.0,1.0,1.0,1.0,3.0
47451,27,1.0,1.0,2.0,4.0,3.0,6.0,1.0,3.0,3.0,3.0,3.0,
47452,27,1.0,1.0,2.0,4.0,3.0,6.0,1.0,3.0,3.0,3.0,3.0,
47453,27,1.0,1.0,2.0,6.0,3.0,1.0,1.0,3.0,3.0,3.0,3.0,
47456,27,1.0,1.0,4.0,2.0,1.0,7.0,1.0,1.0,1.0,3.0,3.0,3.0
47458,27,1.0,1.0,2.0,2.0,3.0,1.0,1.0,3.0,3.0,3.0,3.0,
47459,27,1.0,1.0,2.0,4.0,3.0,1.0,1.0,3.0,3.0,3.0,3.0,
47460,27,1.0,1.0,2.0,4.0,3.0,6.0,1.0,3.0,3.0,3.0,3.0,
47461,27,1.0,1.0,2.0,4.0,3.0,2.0,1.0,1.0,3.0,1.0,1.0,3.0
47462,27,1.0,1.0,2.0,2.0,3.0,1.0,1.0,3.0,3.0,3.0,3.0,
47463,27,1.0,1.0,4.0,6.0,3.0,3.0,1.0,1.0,1.0,1.0,1.0,3.0
47465,27,1.0,1.0,4.0,4.0,3.0,1.0,5.0,3.0,3.0,3.0,3.0,
47466,27,1.0,1.0,4.0,2.0,3.0,1.0,1.0,3.0,3.0,3.0,3.0,
47467,27,1.0,1.0,4.0,2.0,3.0,1.0,1.0,3.0,3.0,3.0,3.0,
47468,27,1.0,1.0,4.0,2.0,3.0,1.0,1.0,3.0,3.0,3.0,3.0,
47469,27,1.0,1.0,2.0,4.0,3.0,1.0,4.0,3.0,3.0,3.0,3.0,
47471,27,1.0,1.0,2.0,4.0,3.0,1.0,4.0,3.0,3.0,3.0,3.0,
47472,27,1.0,1.0,4.0,6.0,3.0,6.0,6.0,3.0,3.0,3.0,3.0,
47473,27,1.0,1.0,4.0,4.0,3.0,1.0,1.0,3.0,3.0,3.0,3.0,
47474,27,1.0,1.0,4.0,6.0,3.0,1.0,4.0,3.0,3.0,3.0,3.0,
47475,27,1.0,1.0,4.0,6.0,3.0,6.0,1.0,3.0,3.0,3.0,3.0,
47476,27,1.0,1.0,4.0,4.0,3.0,1.0,1.0,3.0,3.0,3.0,3.0,
47478,27,1.0,1.0,4.0,4.0,3.0,6.0,1.0,3.0,3.0,3.0,3.0,
47479,27,1.0,1.0,4.0,4.0,3.0,1.0,1.0,3.0,3.0,3.0,3.0,
47480,27,1.0,1.0,4.0,4.0,3.0,6.0,1.0,3.0,3.0,3.0,3.0,
47481,27,1.0,1.0,4.0,2.0,3.0,1.0,1.0,3.0,3.0,3.0,3.0,
47484,27,1.0,1.0,4.0,4.0,3.0,1.0,1.0,3.0,3.0,3.0,3.0,
47485,27,1.0,1.0,4.0,4.0,3.0,1.0,5.0,3.0,3.0,3.0,3.0,
47486,27,1.0,1.0,2.0,4.0,3.0,2.0,1.0,1.0,3.0,3.0,3.0,3.0
47487,27,1.0,1.0,4.0,6.0,3.0,6.0,1.0,3.0,3.0,3.0,3.0,
47489,27,1.0,1.0,4.0,6.0,3.0,3.0,1.0,1.0,1.0,1.0,1.0,3.0
47490,27,1.0,1.0,4.0,6.0,3.0,1.0,1.0,3.0,3.0,3.0,3.0,
47491,27,1.0,1.0,4.0,2.0,3.0,1.0,1.0,3.0,3.0,3.0,3.0,
47492,27,1.0,1.0,2.0,4.0,3.0,7.0,6.0,1.0,1.0,1.0,3.0,3.0
47493,27,1.0,1.0,4.0,6.0,3.0,8.0,1.0,1.0,1.0,1.0,1.0,3.0
47494,27,1.0,1.0,4.0,4.0,3.0,7.0,6.0,1.0,3.0,3.0,3.0,3.0
47495,27,1.0,1.0,4.0,6.0,3.0,6.0,6.0,3.0,3.0,3.0,3.0,
47496,27,1.0,1.0,2.0,6.0,3.0,2.0,6.0,1.0,1.0,1.0,1.0,3.0
47497,27,1.0,1.0,4.0,4.0,3.0,9.0,1.0,1.0,1.0,1.0,1.0,1.0
47499,27,1.0,1.0,4.0,4.0,3.0,1.0,1.0,3.0,3.0,3.0,3.0,
47500,27,1.0,1.0,4.0,6.0,3.0,3.0,1.0,1.0,1.0,1.0,1.0,3.0
47503,27,1.0,1.0,4.0,6.0,3.0,2.0,3.0,1.0,3.0,1.0,1.0,3.0
47504,27,1.0,1.0,4.0,4.0,3.0,2.0,6.0,3.0,3.0,1.0,3.0,3.0
47505,27,1.0,1.0,4.0,6.0,3.0,2.0,6.0,1.0,3.0,1.0,1.0,3.0
47506,27,3.0,3.0,4.0,6.0,3.0,2.0,5.0,1.0,3.0,1.0,1.0,3.0
47507,27,1.0,1.0,2.0,4.0,3.0,1.0,6.0,3.0,3.0,3.0,3.0,
47508,27,1.0,1.0,4.0,6.0,3.0,2.0,6.0,3.0,3.0,1.0,3.0,3.0
47509,27,1.0,1.0,4.0,4.0,3.0,2.0,3.0,3.0,3.0,1.0,3.0,3.0
47510,27,1.0,1.0,4.0,4.0,3.0,1.0,6.0,3.0,3.0,3.0,3.0,
47511,27,1.0,1.0,4.0,4.0,3.0,1.0,6.0,3.0,3.0,3.0,3.0,
47512,27,1.0,1.0,4.0,6.0,3.0,1.0,6.0,3.0,3.0,3.0,3.0,
47513,27,1.0,1.0,4.0,6.0,3.0,8.0,5.0,1.0,1.0,1.0,1.0,3.0
47514,27,1.0,1.0,4.0,4.0,3.0,7.0,3.0,3.0,3.0,1.0,3.0,3.0
47515,27,3.0,1.0,4.0,6.0,3.0,4.0,6.0,1.0,1.0,1.0,1.0,1.0
47516,27,1.0,1.0,4.0,6.0,3.0,9.0,6.0,1.0,3.0,1.0,3.0,1.0
47517,27,1.0,1.0,2.0,4.0,3.0,1.0,3.0,3.0,3.0,3.0,3.0,
47519,27,1.0,1.0,4.0,6.0,3.0,4.0,6.0,1.0,1.0,1.0,1.0,1.0
47520,27,1.0,1.0,4.0,6.0,3.0,2.0,6.0,3.0,3.0,1.0,3.0,3.0
47521,27,1.0,1.0,2.0,6.0,3.0,7.0,6.0,3.0,3.0,1.0,3.0,3.0
47522,27,1.0,1.0,2.0,4.0,3.0,2.0,6.0,1.0,1.0,1.0,1.0,3.0
47524,27,1.0,3.0,4.0,6.0,3.0,7.0,6.0,1.0,3.0,3.0,3.0,3.0
47529,27,1.0,1.0,4.0,6.0,3.0,2.0,3.0,1.0,1.0,1.0,1.0,3.0
47530,27,1.0,1.0,4.0,4.0,3.0,1.0,6.0,3.0,3.0,3.0,3.0,
47532,27,1.0,1.0,2.0,6.0,3.0,1.0,6.0,3.0,3.0,3.0,3.0,
47536,27,1.0,1.0,4.0,4.0,3.0,6.0,1.0,3.0,3.0,3.0,3.0,
47537,27,1.0,1.0,2.0,4.0,3.0,1.0,3.0,3.0,3.0,3.0,3.0,
47542,27,1.0,1.0,2.0,4.0,3.0,9.0,1.0,1.0,1.0,1.0,1.0,1.0
47543,27,1.0,1.0,4.0,4.0,3.0,1.0,1.0,3.0,3.0,3.0,3.0,
47544,27,1.0,1.0,2.0,6.0,3.0,6.0,6.0,3.0,3.0,3.0,3.0,
47545,27,1.0,1.0,4.0,4.0,3.0,2.0,1.0,1.0,1.0,1.0,1.0,3.0
47547,27,1.0,1.0,4.0,4.0,3.0,3.0,1.0,1.0,1.0,1.0,1.0,3.0
47548,27,1.0,1.0,4.0,4.0,3.0,1.0,1.0,3.0,3.0,3.0,3.0,
47549,27,1.0,1.0,4.0,4.0,3.0,6.0,1.0,3.0,3.0,3.0,3.0,
47550,27,1.0,1.0,2.0,4.0,3.0,6.0,1.0,3.0,3.0,3.0,3.0,
47551,27,1.0,1.0,4.0,4.0,3.0,1.0,1.0,3.0,3.0,3.0,3.0,
47552,27,1.0,1.0,4.0,4.0,3.0,7.0,1.0,1.0,3.0,3.0,3.0,3.0
47553,27,1.0,1.0,2.0,4.0,3.0,2.0,1.0,1.0,3.0,3.0,3.0,3.0
47554,27,1.0,1.0,4.0,4.0,3.0,6.0,1.0,3.0,3.0,3.0,3.0,
47555,27,1.0,1.0,4.0,4.0,3.0,1.0,1.0,3.0,3.0,3.0,3.0,
47556,27,1.0,1.0,2.0,6.0,3.0,2.0,4.0,3.0,3.0,1.0,3.0,3.0
47557,27,1.0,1.0,2.0,4.0,3.0,7.0,1.0,3.0,3.0,1.0,3.0,3.0
47558,27,1.0,1.0,2.0,4.0,3.0,6.0,1.0,3.0,3.0,3.0,3.0,
47559,27,1.0,1.0,2.0,4.0,3.0,6.0,6.0,3.0,3.0,3.0,3.0,
47560,27,1.0,1.0,2.0,4.0,3.0,6.0,1.0,3.0,3.0,3.0,3.0,
47561,27,1.0,1.0,2.0,4.0,3.0,3.0,1.0,1.0,1.0,1.0,1.0,3.0
47562,27,1.0,1.0,4.0,6.0,3.0,3.0,6.0,1.0,1.0,1.0,1.0,3.0
47563,27,1.0,1.0,2.0,4.0,3.0,8.0,1.0,1.0,1.0,1.0,1.0,3.0
47564,27,1.0,1.0,2.0,4.0,3.0,7.0,1.0,1.0,3.0,3.0,3.0,3.0
47569,27,1.0,,2.0,6.0,3.0,6.0,1.0,3.0,3.0,3.0,3.0,
47571,27,1.0,1.0,2.0,4.0,3.0,2.0,1.0,3.0,3.0,1.0,1.0,3.0
47572,27,1.0,3.0,2.0,6.0,3.0,2.0,6.0,1.0,3.0,1.0,3.0,3.0
47573,27,1.0,1.0,2.0,4.0,3.0,1.0,6.0,3.0,3.0,3.0,3.0,
47576,27,1.0,1.0,4.0,4.0,3.0,6.0,1.0,3.0,3.0,3.0,3.0,
47577,27,1.0,1.0,2.0,4.0,3.0,6.0,1.0,3.0,3.0,3.0,3.0,
47578,27,1.0,1.0,2.0,4.0,3.0,1.0,1.0,3.0,3.0,3.0,3.0,
47579,27,1.0,1.0,4.0,6.0,3.0,4.0,1.0,1.0,1.0,1.0,1.0,3.0
47580,27,1.0,1.0,4.0,4.0,1.0,6.0,1.0,3.0,3.0,3.0,3.0,
47581,27,1.0,1.0,2.0,4.0,3.0,2.0,1.0,1.0,3.0,3.0,1.0,3.0
47582,27,1.0,1.0,2.0,4.0,3.0,6.0,1.0,3.0,3.0,3.0,3.0,
47584,27,1.0,1.0,2.0,6.0,3.0,6.0,1.0,3.0,3.0,3.0,3.0,
47585,27,1.0,1.0,2.0,4.0,3.0,6.0,1.0,3.0,3.0,3.0,3.0,
47586,27,1.0,1.0,2.0,4.0,3.0,1.0,1.0,3.0,3.0,3.0,3.0,
47587,27,1.0,1.0,2.0,2.0,3.0,6.0,1.0,3.0,3.0,3.0,3.0,
47588,27,1.0,1.0,4.0,4.0,3.0,6.0,1.0,3.0,3.0,3.0,3.0,
47589,27,1.0,1.0,2.0,4.0,3.0,2.0,1.0,3.0,3.0,1.0,3.0,3.0
47590,27,1.0,1.0,2.0,4.0,3.0,1.0,1.0,3.0,3.0,3.0,3.0,
47591,27,1.0,1.0,4.0,4.0,3.0,2.0,1.0,3.0,3.0,3.0,1.0,3.0
47592,27,1.0,1.0,2.0,2.0,3.0,6.0,1.0,3.0,3.0,3.0,3.0,
47593,27,1.0,1.0,2.0,4.0,3.0,1.0,1.0,3.0,3.0,3.0,3.0,
47594,27,1.0,1.0,2.0,4.0,3.0,2.0,1.0,1.0,3.0,1.0,1.0,3.0
47595,27,1.0,1.0,4.0,2.0,3.0,6.0,1.0,3.0,3.0,3.0,3.0,
47597,27,1.0,1.0,4.0,6.0,3.0,9.0,1.0,1.0,1.0,1.0,1.0,3.0
47598,27,1.0,1.0,2.0,4.0,3.0,1.0,1.0,3.0,3.0,3.0,3.0,
47599,27,1.0,1.0,2.0,4.0,3.0,2.0,1.0,3.0,3.0,1.0,1.0,3.0
47600,27,1.0,1.0,4.0,4.0,3.0,7.0,1.0,1.0,3.0,1.0,3.0,3.0
47602,27,1.0,1.0,4.0,4.0,3.0,7.0,1.0,1.0,3.0,3.0,3.0,3.0
47603,27,1.0,1.0,2.0,2.0,3.0,7.0,1.0,1.0,3.0,3.0,3.0,3.0
47604,27,1.0,1.0,2.0,4.0,3.0,2.0,1.0,3.0,3.0,1.0,3.0,3.0
47605,27,1.0,1.0,2.0,4.0,3.0,2.0,1.0,1.0,3.0,3.0,3.0,3.0
47606,27,1.0,1.0,2.0,4.0,3.0,3.0,1.0,1.0,1.0,1.0,1.0,3.0
47607,27,1.0,1.0,2.0,2.0,3.0,7.0,1.0,1.0,3.0,3.0,3.0,3.0
47608,27,1.0,1.0,2.0,4.0,3.0,2.0,1.0,1.0,1.0,1.0,1.0,3.0
47610,27,1.0,1.0,4.0,4.0,3.0,2.0,1.0,1.0,1.0,1.0,1.0,3.0
47611,27,1.0,1.0,2.0,4.0,3.0,2.0,1.0,1.0,3.0,1.0,3.0,3.0
47612,27,1.0,1.0,4.0,4.0,3.0,7.0,1.0,1.0,3.0,3.0,3.0,3.0
47613,27,1.0,1.0,4.0,4.0,3.0,3.0,6.0,1.0,1.0,1.0,1.0,3.0
47614,27,1.0,1.0,2.0,4.0,3.0,3.0,1.0,1.0,1.0,1.0,1.0,3.0
47615,27,1.0,1.0,2.0,4.0,3.0,4.0,6.0,1.0,1.0,1.0,1.0,3.0
47616,27,1.0,1.0,4.0,6.0,3.0,2.0,5.0,3.0,3.0,1.0,1.0,3.0
47617,27,1.0,1.0,2.0,4.0,3.0,7.0,1.0,1.0,3.0,1.0,3.0,3.0
47618,27,1.0,1.0,4.0,4.0,3.0,7.0,1.0,1.0,3.0,1.0,3.0,3.0
47619,27,1.0,1.0,2.0,2.0,3.0,7.0,1.0,1.0,3.0,1.0,3.0,3.0
47620,27,1.0,1.0,2.0,6.0,3.0,8.0,6.0,1.0,1.0,1.0,1.0,3.0
47622,27,1.0,,4.0,6.0,3.0,7.0,6.0,1.0,3.0,1.0,3.0,3.0
47623,27,1.0,1.0,2.0,2.0,3.0,3.0,1.0,1.0,1.0,1.0,1.0,3.0
47624,27,1.0,1.0,4.0,4.0,3.0,2.0,1.0,1.0,3.0,1.0,1.0,3.0
47626,27,1.0,1.0,2.0,4.0,3.0,2.0,1.0,3.0,3.0,1.0,3.0,3.0
47627,27,1.0,1.0,4.0,6.0,3.0,2.0,6.0,1.0,1.0,1.0,1.0,3.0
47628,27,1.0,1.0,4.0,6.0,3.0,2.0,6.0,3.0,3.0,1.0,3.0,3.0
47629,27,1.0,1.0,2.0,4.0,3.0,1.0,6.0,3.0,3.0,3.0,3.0,
47630,27,1.0,1.0,4.0,4.0,3.0,1.0,6.0,3.0,3.0,3.0,3.0,
47631,27,1.0,1.0,4.0,4.0,3.0,6.0,1.0,3.0,3.0,3.0,3.0,
47632,27,1.0,1.0,4.0,4.0,3.0,1.0,6.0,3.0,3.0,3.0,3.0,
47633,27,1.0,1.0,2.0,4.0,3.0,3.0,6.0,1.0,3.0,1.0,1.0,3.0
47635,27,1.0,1.0,4.0,4.0,3.0,2.0,6.0,1.0,3.0,1.0,1.0,3.0
47636,27,1.0,1.0,2.0,4.0,3.0,6.0,6.0,3.0,3.0,3.0,3.0,
47637,27,1.0,3.0,4.0,6.0,3.0,3.0,2.0,1.0,1.0,1.0,1.0,3.0
47638,27,1.0,1.0,2.0,4.0,3.0,1.0,2.0,3.0,3.0,3.0,3.0,
47639,27,1.0,3.0,4.0,4.0,3.0,6.0,6.0,3.0,3.0,3.0,3.0,
47640,27,1.0,3.0,4.0,6.0,3.0,3.0,2.0,1.0,1.0,1.0,1.0,3.0
47641,27,1.0,1.0,4.0,4.0,3.0,2.0,6.0,1.0,3.0,1.0,3.0,3.0
47643,27,3.0,1.0,4.0,4.0,3.0,2.0,5.0,1.0,1.0,3.0,1.0,3.0
47644,27,1.0,3.0,2.0,6.0,3.0,2.0,6.0,1.0,1.0,1.0,1.0,3.0
47645,27,1.0,3.0,4.0,6.0,3.0,7.0,6.0,1.0,3.0,3.0,3.0,3.0
47646,27,1.0,1.0,4.0,4.0,3.0,1.0,3.0,3.0,3.0,3.0,3.0,
47648,27,1.0,1.0,2.0,4.0,3.0,1.0,6.0,3.0,3.0,3.0,3.0,
47649,27,1.0,1.0,2.0,6.0,3.0,4.0,6.0,1.0,1.0,1.0,1.0,3.0
47651,27,1.0,1.0,2.0,6.0,3.0,7.0,6.0,3.0,3.0,1.0,1.0,3.0
47652,27,1.0,1.0,4.0,6.0,3.0,2.0,6.0,1.0,3.0,1.0,1.0,3.0
47653,27,1.0,1.0,2.0,4.0,3.0,2.0,1.0,1.0,3.0,1.0,3.0,3.0
47654,27,1.0,1.0,4.0,4.0,3.0,2.0,1.0,1.0,3.0,3.0,3.0,3.0
47656,27,1.0,1.0,2.0,4.0,3.0,2.0,1.0,1.0,1.0,1.0,1.0,3.0
47657,27,1.0,1.0,2.0,4.0,3.0,1.0,1.0,3.0,3.0,3.0,3.0,
47658,27,1.0,1.0,4.0,4.0,3.0,6.0,1.0,3.0,3.0,3.0,3.0,
47659,27,1.0,1.0,2.0,4.0,3.0,6.0,1.0,3.0,3.0,3.0,3.0,
47660,27,1.0,1.0,2.0,6.0,3.0,6.0,1.0,3.0,3.0,3.0,3.0,
47661,27,1.0,3.0,2.0,4.0,3.0,2.0,1.0,1.0,3.0,1.0,3.0,3.0
47662,27,1.0,3.0,4.0,6.0,3.0,6.0,1.0,3.0,3.0,3.0,3.0,
47663,27,1.0,3.0,4.0,4.0,3.0,3.0,1.0,1.0,1.0,1.0,1.0,3.0
47666,27,1.0,1.0,2.0,4.0,3.0,3.0,1.0,1.0,3.0,1.0,1.0,3.0
47667,27,1.0,3.0,4.0,6.0,3.0,1.0,1.0,3.0,3.0,3.0,3.0,
47668,27,1.0,4.0,2.0,6.0,3.0,1.0,1.0,3.0,3.0,3.0,3.0,
47669,27,1.0,,4.0,6.0,3.0,2.0,6.0,3.0,3.0,1.0,3.0,3.0
47671,27,1.0,1.0,4.0,6.0,3.0,3.0,6.0,1.0,1.0,1.0,1.0,3.0
47674,27,1.0,3.0,4.0,6.0,3.0,2.0,1.0,1.0,1.0,1.0,1.0,3.0
47676,27,1.0,1.0,2.0,4.0,3.0,1.0,1.0,3.0,3.0,3.0,3.0,
47677,27,1.0,1.0,2.0,4.0,3.0,3.0,1.0,1.0,1.0,1.0,1.0,1.0
47678,27,1.0,1.0,4.0,4.0,3.0,3.0,1.0,1.0,1.0,1.0,1.0,3.0
47679,27,1.0,1.0,4.0,4.0,3.0,4.0,1.0,1.0,1.0,1.0,1.0,3.0
47680,27,1.0,1.0,2.0,4.0,3.0,1.0,1.0,3.0,3.0,3.0,3.0,
47681,27,1.0,,4.0,6.0,3.0,9.0,1.0,1.0,1.0,1.0,1.0,1.0
47682,27,1.0,1.0,2.0,6.0,3.0,4.0,1.0,1.0,1.0,1.0,1.0,1.0
47683,27,1.0,1.0,2.0,6.0,3.0,3.0,1.0,1.0,1.0,1.0,1.0,1.0
47684,27,1.0,1.0,2.0,4.0,3.0,1.0,1.0,3.0,3.0,3.0,3.0,
47686,27,1.0,1.0,4.0,4.0,3.0,6.0,1.0,3.0,3.0,3.0,3.0,
47687,27,1.0,1.0,4.0,4.0,3.0,1.0,1.0,3.0,3.0,3.0,3.0,
47689,27,1.0,1.0,2.0,4.0,1.0,4.0,1.0,1.0,1.0,1.0,1.0,3.0
47690,27,1.0,1.0,2.0,4.0,3.0,1.0,1.0,3.0,3.0,3.0,3.0,
47691,27,1.0,1.0,4.0,6.0,3.0,4.0,1.0,1.0,1.0,1.0,1.0,1.0
47693,27,1.0,1.0,2.0,4.0,3.0,4.0,1.0,1.0,1.0,1.0,1.0,1.0
47694,27,1.0,1.0,4.0,4.0,3.0,4.0,1.0,1.0,1.0,1.0,1.0,1.0
47695,27,1.0,1.0,4.0,4.0,3.0,9.0,4.0,1.0,1.0,1.0,1.0,1.0
47696,27,1.0,1.0,4.0,4.0,3.0,6.0,1.0,3.0,3.0,3.0,3.0,
47697,27,1.0,1.0,4.0,4.0,3.0,1.0,1.0,3.0,3.0,3.0,3.0,
47698,27,1.0,1.0,4.0,4.0,3.0,4.0,4.0,1.0,1.0,1.0,1.0,1.0
47700,27,1.0,1.0,4.0,4.0,3.0,1.0,1.0,3.0,3.0,3.0,3.0,
47701,27,1.0,1.0,4.0,4.0,3.0,2.0,1.0,3.0,3.0,1.0,1.0,3.0
47702,27,1.0,1.0,2.0,4.0,3.0,9.0,1.0,1.0,1.0,1.0,1.0,3.0
47704,27,1.0,1.0,4.0,4.0,3.0,3.0,1.0,1.0,1.0,1.0,1.0,3.0
47706,27,1.0,1.0,2.0,4.0,3.0,1.0,1.0,3.0,3.0,3.0,3.0,
47707,27,1.0,1.0,4.0,4.0,3.0,1.0,1.0,3.0,3.0,3.0,3.0,
47708,27,1.0,1.0,4.0,4.0,3.0,6.0,1.0,3.0,3.0,3.0,3.0,
47709,27,1.0,1.0,4.0,4.0,3.0,6.0,1.0,3.0,3.0,3.0,3.0,
47710,27,1.0,1.0,4.0,4.0,3.0,6.0,1.0,3.0,3.0,3.0,3.0,
47711,27,1.0,1.0,2.0,4.0,3.0,1.0,1.0,3.0,3.0,3.0,3.0,
47712,27,1.0,1.0,4.0,4.0,3.0,2.0,1.0,1.0,3.0,3.0,3.0,3.0
47714,27,1.0,1.0,4.0,4.0,3.0,1.0,1.0,3.0,3.0,3.0,3.0,
47716,27,1.0,1.0,2.0,6.0,3.0,6.0,1.0,3.0,3.0,3.0,3.0,
47717,27,1.0,1.0,2.0,2.0,3.0,1.0,1.0,3.0,3.0,3.0,3.0,
47718,27,1.0,1.0,2.0,6.0,3.0,4.0,1.0,1.0,1.0,1.0,1.0,1.0
47720,27,1.0,1.0,4.0,6.0,3.0,1.0,4.0,3.0,3.0,3.0,3.0,
47722,27,1.0,1.0,2.0,4.0,3.0,1.0,1.0,3.0,3.0,3.0,3.0,
47723,27,1.0,1.0,4.0,4.0,3.0,9.0,1.0,1.0,1.0,1.0,1.0,1.0
47724,27,1.0,1.0,4.0,6.0,3.0,1.0,1.0,3.0,3.0,3.0,3.0,
47725,27,1.0,1.0,4.0,4.0,3.0,4.0,1.0,1.0,1.0,1.0,1.0,1.0
47726,27,1.0,1.0,2.0,6.0,3.0,6.0,1.0,3.0,3.0,3.0,3.0,
47727,27,1.0,1.0,2.0,4.0,3.0,1.0,1.0,3.0,3.0,3.0,3.0,
47728,27,1.0,1.0,2.0,4.0,3.0,4.0,1.0,1.0,1.0,1.0,1.0,1.0
47729,27,1.0,1.0,2.0,6.0,3.0,6.0,1.0,3.0,3.0,3.0,3.0,
47730,27,1.0,1.0,4.0,4.0,3.0,4.0,1.0,1.0,1.0,1.0,1.0,1.0
47732,27,1.0,1.0,2.0,4.0,3.0,1.0,1.0,3.0,3.0,3.0,3.0,
47733,27,1.0,1.0,4.0,4.0,3.0,1.0,1.0,3.0,3.0,3.0,3.0,
47734,27,1.0,1.0,4.0,2.0,3.0,1.0,1.0,3.0,3.0,3.0,3.0,
47735,27,1.0,1.0,2.0,4.0,3.0,1.0,1.0,3.0,3.0,3.0,3.0,
47736,27,1.0,1.0,4.0,4.0,3.0,9.0,1.0,1.0,1.0,1.0,1.0,1.0
47737,27,1.0,1.0,4.0,4.0,3.0,6.0,1.0,3.0,3.0,3.0,3.0,
47738,27,1.0,1.0,2.0,4.0,3.0,6.0,1.0,3.0,3.0,3.0,3.0,
47739,27,1.0,1.0,2.0,4.0,3.0,1.0,1.0,3.0,3.0,3.0,3.0,
47740,27,1.0,1.0,4.0,6.0,3.0,4.0,1.0,1.0,1.0,1.0,1.0,1.0
47741,27,1.0,1.0,4.0,4.0,3.0,1.0,1.0,3.0,3.0,3.0,3.0,
47742,27,1.0,1.0,2.0,4.0,3.0,4.0,1.0,1.0,1.0,1.0,1.0,1.0
47743,27,1.0,1.0,4.0,4.0,3.0,4.0,1.0,1.0,1.0,1.0,1.0,1.0
47744,27,1.0,1.0,4.0,4.0,3.0,2.0,1.0,1.0,3.0,1.0,1.0,3.0
47745,27,1.0,1.0,2.0,6.0,1.0,4.0,1.0,1.0,1.0,1.0,1.0,1.0
47746,27,1.0,1.0,4.0,4.0,3.0,6.0,1.0,3.0,3.0,3.0,3.0,
47747,27,1.0,1.0,4.0,6.0,3.0,1.0,1.0,3.0,3.0,3.0,3.0,
47748,27,1.0,1.0,4.0,4.0,3.0,4.0,4.0,1.0,1.0,1.0,1.0,1.0
47749,27,1.0,1.0,2.0,4.0,3.0,1.0,1.0,3.0,3.0,3.0,3.0,
47750,27,1.0,1.0,4.0,4.0,3.0,9.0,4.0,1.0,1.0,1.0,1.0,1.0
47751,27,1.0,1.0,4.0,4.0,3.0,9.0,1.0,1.0,1.0,1.0,1.0,3.0
47752,27,1.0,1.0,4.0,4.0,3.0,6.0,1.0,3.0,3.0,3.0,3.0,
47753,27,1.0,1.0,4.0,4.0,3.0,1.0,1.0,3.0,3.0,3.0,3.0,
47754,27,1.0,1.0,4.0,4.0,3.0,1.0,1.0,3.0,3.0,3.0,3.0,
47755,27,1.0,1.0,4.0,4.0,3.0,1.0,1.0,3.0,3.0,3.0,3.0,
47756,27,1.0,1.0,2.0,4.0,3.0,1.0,1.0,3.0,3.0,3.0,3.0,
47757,27,1.0,1.0,4.0,4.0,3.0,1.0,1.0,3.0,3.0,3.0,3.0,
47758,27,1.0,1.0,4.0,4.0,3.0,1.0,1.0,3.0,3.0,3.0,3.0,
47759,27,1.0,1.0,4.0,4.0,3.0,4.0,1.0,1.0,1.0,1.0,1.0,1.0
47760,27,1.0,1.0,2.0,4.0,3.0,4.0,1.0,1.0,1.0,1.0,1.0,1.0
47761,27,1.0,1.0,4.0,4.0,3.0,1.0,1.0,3.0,3.0,3.0,3.0,
47762,27,1.0,1.0,4.0,4.0,3.0,9.0,1.0,1.0,1.0,1.0,1.0,1.0
47763,27,1.0,1.0,2.0,4.0,3.0,6.0,1.0,3.0,3.0,3.0,3.0,
47764,27,1.0,1.0,4.0,4.0,3.0,1.0,1.0,3.0,3.0,3.0,3.0,
47765,27,1.0,1.0,2.0,2.0,3.0,6.0,1.0,3.0,3.0,3.0,3.0,
47766,27,1.0,1.0,4.0,2.0,3.0,6.0,1.0,3.0,3.0,3.0,3.0,
47767,27,1.0,1.0,4.0,4.0,3.0,4.0,1.0,1.0,1.0,1.0,1.0,1.0
47768,27,1.0,1.0,4.0,4.0,3.0,1.0,1.0,3.0,3.0,3.0,3.0,
47769,27,1.0,1.0,4.0,6.0,3.0,3.0,1.0,1.0,1.0,1.0,1.0,1.0
47770,27,1.0,1.0,4.0,4.0,3.0,1.0,1.0,3.0,3.0,3.0,3.0,
47771,27,1.0,1.0,4.0,4.0,3.0,7.0,1.0,3.0,3.0,1.0,1.0,3.0
47772,27,1.0,1.0,4.0,2.0,3.0,1.0,1.0,3.0,3.0,3.0,3.0,
47773,27,1.0,1.0,4.0,4.0,3.0,1.0,1.0,3.0,3.0,3.0,3.0,
47775,27,1.0,1.0,2.0,2.0,3.0,1.0,1.0,3.0,3.0,3.0,3.0,
47776,27,1.0,1.0,4.0,4.0,3.0,9.0,1.0,1.0,1.0,1.0,1.0,3.0
47778,27,1.0,1.0,4.0,4.0,3.0,1.0,1.0,3.0,3.0,3.0,3.0,
47779,27,1.0,1.0,4.0,4.0,3.0,3.0,2.0,1.0,1.0,1.0,1.0,3.0
47780,27,1.0,1.0,2.0,2.0,3.0,6.0,2.0,3.0,3.0,3.0,3.0,
47781,27,1.0,1.0,4.0,4.0,1.0,1.0,1.0,3.0,3.0,3.0,3.0,
47782,27,1.0,1.0,4.0,4.0,3.0,1.0,2.0,3.0,3.0,3.0,3.0,
47783,27,1.0,1.0,4.0,2.0,3.0,2.0,2.0,1.0,3.0,3.0,3.0,3.0
47784,27,1.0,1.0,4.0,4.0,3.0,1.0,2.0,3.0,3.0,3.0,3.0,
47785,27,1.0,1.0,4.0,4.0,3.0,6.0,2.0,3.0,3.0,3.0,3.0,
47786,27,1.0,1.0,4.0,4.0,3.0,6.0,2.0,3.0,3.0,3.0,3.0,
47787,27,1.0,3.0,4.0,6.0,3.0,4.0,4.0,1.0,3.0,1.0,1.0,3.0
47789,27,1.0,1.0,4.0,4.0,3.0,1.0,1.0,3.0,3.0,3.0,3.0,
47790,27,1.0,1.0,4.0,4.0,3.0,1.0,1.0,3.0,3.0,3.0,3.0,
47791,27,1.0,1.0,4.0,4.0,3.0,6.0,1.0,3.0,3.0,3.0,3.0,
47793,27,1.0,1.0,4.0,4.0,3.0,2.0,1.0,1.0,1.0,1.0,1.0,3.0
47794,27,1.0,1.0,4.0,4.0,3.0,6.0,1.0,3.0,3.0,3.0,3.0,
47796,27,1.0,1.0,2.0,6.0,3.0,1.0,1.0,3.0,3.0,3.0,3.0,
47797,27,1.0,1.0,4.0,4.0,3.0,1.0,5.0,3.0,3.0,3.0,3.0,
47798,27,1.0,,4.0,6.0,3.0,1.0,5.0,3.0,3.0,3.0,3.0,
47801,27,1.0,1.0,4.0,4.0,3.0,6.0,5.0,3.0,3.0,3.0,3.0,
47803,27,1.0,1.0,4.0,4.0,3.0,4.0,2.0,1.0,1.0,1.0,1.0,1.0
47805,27,1.0,1.0,4.0,4.0,3.0,1.0,2.0,3.0,3.0,3.0,3.0,
47806,27,1.0,1.0,2.0,2.0,3.0,4.0,2.0,1.0,1.0,1.0,1.0,1.0
47808,27,1.0,,4.0,6.0,3.0,1.0,2.0,3.0,3.0,3.0,3.0,
47809,27,1.0,3.0,2.0,4.0,3.0,1.0,5.0,3.0,3.0,3.0,3.0,
47810,27,1.0,1.0,2.0,4.0,3.0,1.0,2.0,3.0,3.0,3.0,3.0,
47811,27,1.0,1.0,4.0,4.0,3.0,1.0,2.0,3.0,3.0,3.0,3.0,
47812,27,1.0,1.0,4.0,4.0,3.0,1.0,2.0,3.0,3.0,3.0,3.0,
47814,27,1.0,1.0,4.0,4.0,3.0,1.0,5.0,3.0,3.0,3.0,3.0,
47815,27,1.0,1.0,2.0,4.0,3.0,6.0,1.0,3.0,3.0,3.0,3.0,
47817,27,1.0,1.0,2.0,4.0,3.0,6.0,1.0,3.0,3.0,3.0,3.0,
47818,27,1.0,1.0,2.0,4.0,3.0,1.0,1.0,3.0,3.0,3.0,3.0,
47823,27,1.0,1.0,4.0,4.0,3.0,1.0,1.0,3.0,3.0,3.0,3.0,
47824,27,1.0,1.0,2.0,4.0,3.0,6.0,1.0,3.0,3.0,3.0,3.0,
47825,27,2.0,1.0,4.0,4.0,3.0,1.0,1.0,3.0,3.0,3.0,3.0,
47826,27,1.0,1.0,4.0,4.0,3.0,1.0,1.0,3.0,3.0,3.0,3.0,
47827,27,1.0,1.0,2.0,4.0,3.0,1.0,1.0,3.0,3.0,3.0,3.0,
47828,27,1.0,1.0,4.0,4.0,3.0,1.0,1.0,3.0,3.0,3.0,3.0,
47829,27,1.0,1.0,4.0,4.0,3.0,6.0,1.0,3.0,3.0,3.0,3.0,
47830,27,1.0,1.0,2.0,4.0,3.0,1.0,1.0,3.0,3.0,3.0,3.0,
47832,27,1.0,1.0,4.0,6.0,3.0,6.0,1.0,3.0,3.0,3.0,3.0,
47833,27,1.0,1.0,4.0,4.0,3.0,1.0,1.0,3.0,3.0,3.0,3.0,
47834,27,1.0,1.0,4.0,4.0,3.0,1.0,1.0,3.0,3.0,3.0,3.0,
47835,27,1.0,1.0,4.0,4.0,3.0,1.0,1.0,3.0,3.0,3.0,3.0,
47836,27,1.0,1.0,2.0,4.0,3.0,6.0,1.0,3.0,3.0,3.0,3.0,
47837,27,1.0,1.0,4.0,6.0,3.0,9.0,1.0,1.0,1.0,1.0,1.0,3.0
47839,27,1.0,1.0,2.0,4.0,3.0,4.0,1.0,1.0,1.0,1.0,1.0,1.0
47840,27,1.0,1.0,4.0,4.0,3.0,6.0,1.0,3.0,3.0,3.0,3.0,
47841,27,1.0,1.0,2.0,2.0,3.0,6.0,1.0,3.0,3.0,3.0,3.0,
47842,27,1.0,1.0,2.0,4.0,3.0,6.0,1.0,3.0,3.0,3.0,3.0,
47844,27,1.0,1.0,4.0,4.0,3.0,1.0,1.0,3.0,3.0,3.0,3.0,
47845,27,1.0,1.0,2.0,4.0,3.0,6.0,1.0,3.0,3.0,3.0,3.0,
47847,27,1.0,1.0,4.0,4.0,3.0,1.0,1.0,3.0,3.0,3.0,3.0,
47848,27,1.0,1.0,2.0,4.0,3.0,6.0,1.0,3.0,3.0,3.0,3.0,
47849,27,1.0,1.0,2.0,4.0,3.0,1.0,1.0,3.0,3.0,3.0,3.0,
47850,27,1.0,1.0,4.0,4.0,3.0,6.0,1.0,3.0,3.0,3.0,3.0,
47851,27,1.0,1.0,4.0,6.0,3.0,6.0,1.0,3.0,3.0,3.0,3.0,
47853,27,1.0,1.0,2.0,4.0,3.0,6.0,4.0,3.0,3.0,3.0,3.0,
47854,27,1.0,1.0,4.0,4.0,3.0,6.0,1.0,3.0,3.0,3.0,3.0,
47855,27,1.0,1.0,4.0,6.0,3.0,3.0,1.0,1.0,1.0,1.0,1.0,1.0
47856,27,1.0,1.0,4.0,4.0,3.0,1.0,1.0,3.0,3.0,3.0,3.0,
47857,27,1.0,1.0,4.0,4.0,3.0,1.0,1.0,3.0,3.0,3.0,3.0,
47858,27,1.0,1.0,2.0,4.0,3.0,1.0,1.0,3.0,3.0,3.0,3.0,
47859,27,1.0,1.0,2.0,4.0,3.0,1.0,1.0,3.0,3.0,3.0,3.0,
47861,27,1.0,1.0,4.0,4.0,3.0,8.0,1.0,1.0,1.0,1.0,1.0,1.0
47863,27,1.0,1.0,4.0,4.0,3.0,1.0,1.0,3.0,3.0,3.0,3.0,
47865,27,1.0,1.0,4.0,4.0,3.0,6.0,1.0,3.0,3.0,3.0,3.0,
47866,27,1.0,1.0,4.0,6.0,3.0,8.0,5.0,1.0,1.0,1.0,1.0,3.0
47868,27,1.0,1.0,2.0,4.0,3.0,3.0,1.0,1.0,3.0,1.0,1.0,3.0
47873,27,1.0,1.0,4.0,6.0,3.0,1.0,1.0,3.0,3.0,3.0,3.0,
47874,27,1.0,1.0,4.0,4.0,3.0,1.0,1.0,3.0,3.0,3.0,3.0,
47875,27,1.0,1.0,2.0,4.0,3.0,1.0,1.0,3.0,3.0,3.0,3.0,
47876,27,1.0,1.0,2.0,4.0,3.0,1.0,1.0,3.0,3.0,3.0,3.0,
47877,27,1.0,1.0,4.0,4.0,3.0,1.0,1.0,3.0,3.0,3.0,3.0,
47878,27,1.0,1.0,4.0,4.0,3.0,1.0,1.0,3.0,3.0,3.0,3.0,
47879,27,1.0,1.0,4.0,4.0,3.0,6.0,1.0,3.0,3.0,3.0,3.0,
47880,27,1.0,1.0,4.0,6.0,3.0,6.0,6.0,3.0,3.0,3.0,3.0,
47881,27,1.0,1.0,4.0,6.0,3.0,3.0,6.0,1.0,1.0,1.0,1.0,3.0
47882,27,3.0,1.0,4.0,6.0,3.0,3.0,1.0,1.0,1.0,1.0,1.0,3.0
47883,27,1.0,1.0,4.0,4.0,3.0,1.0,1.0,3.0,3.0,3.0,3.0,
47884,27,1.0,1.0,2.0,6.0,3.0,1.0,1.0,3.0,3.0,3.0,3.0,
47885,27,1.0,1.0,4.0,6.0,3.0,1.0,6.0,3.0,3.0,3.0,3.0,
47886,27,3.0,3.0,4.0,6.0,3.0,3.0,6.0,1.0,1.0,1.0,3.0,3.0
47887,27,3.0,3.0,4.0,6.0,3.0,6.0,6.0,3.0,3.0,3.0,3.0,
47888,27,3.0,3.0,4.0,6.0,3.0,3.0,6.0,1.0,1.0,1.0,1.0,1.0
47890,27,3.0,3.0,4.0,4.0,3.0,2.0,5.0,1.0,1.0,1.0,3.0,3.0
47891,27,1.0,1.0,4.0,6.0,3.0,7.0,1.0,3.0,3.0,3.0,1.0,3.0
47894,27,3.0,3.0,4.0,6.0,3.0,2.0,2.0,1.0,3.0,3.0,3.0,3.0
47895,27,1.0,1.0,4.0,6.0,3.0,9.0,5.0,1.0,1.0,1.0,1.0,3.0
47898,27,1.0,1.0,2.0,4.0,3.0,4.0,3.0,1.0,1.0,1.0,1.0,1.0
47899,27,1.0,3.0,4.0,6.0,3.0,4.0,3.0,1.0,1.0,1.0,1.0,1.0
47900,27,1.0,3.0,4.0,6.0,3.0,6.0,3.0,3.0,3.0,3.0,3.0,
47901,27,1.0,1.0,4.0,4.0,3.0,6.0,1.0,3.0,3.0,3.0,3.0,
47902,27,1.0,3.0,4.0,6.0,3.0,9.0,1.0,1.0,1.0,1.0,1.0,3.0
47903,27,1.0,1.0,4.0,4.0,3.0,1.0,1.0,3.0,3.0,3.0,3.0,
47904,27,1.0,1.0,4.0,4.0,3.0,1.0,1.0,3.0,3.0,3.0,3.0,
47909,27,1.0,1.0,2.0,6.0,3.0,6.0,1.0,3.0,3.0,3.0,3.0,
47910,27,1.0,1.0,4.0,4.0,3.0,4.0,1.0,1.0,1.0,1.0,1.0,1.0
47911,27,1.0,1.0,2.0,4.0,3.0,9.0,1.0,1.0,1.0,1.0,1.0,1.0
47912,27,1.0,1.0,2.0,4.0,3.0,1.0,1.0,3.0,3.0,3.0,3.0,
47914,27,1.0,1.0,4.0,4.0,3.0,4.0,1.0,1.0,1.0,1.0,1.0,1.0
47915,27,1.0,1.0,2.0,4.0,3.0,9.0,1.0,1.0,1.0,1.0,1.0,1.0
47916,27,1.0,1.0,4.0,4.0,3.0,1.0,1.0,3.0,3.0,3.0,3.0,
47917,27,1.0,1.0,4.0,4.0,3.0,1.0,1.0,3.0,3.0,3.0,3.0,
47921,27,1.0,1.0,4.0,4.0,3.0,1.0,1.0,3.0,3.0,3.0,3.0,
47922,27,1.0,1.0,4.0,4.0,3.0,1.0,1.0,3.0,3.0,3.0,3.0,
47924,27,1.0,1.0,4.0,6.0,3.0,6.0,1.0,3.0,3.0,3.0,3.0,
47925,27,1.0,1.0,4.0,6.0,3.0,2.0,1.0,1.0,1.0,1.0,1.0,3.0
47927,27,1.0,1.0,4.0,4.0,3.0,1.0,1.0,3.0,3.0,3.0,3.0,
47928,27,1.0,1.0,4.0,4.0,3.0,6.0,1.0,3.0,3.0,3.0,3.0,
47930,27,1.0,1.0,4.0,4.0,3.0,6.0,1.0,3.0,3.0,3.0,3.0,
47931,27,1.0,1.0,4.0,6.0,3.0,7.0,1.0,1.0,3.0,3.0,3.0,3.0
47932,27,1.0,1.0,2.0,6.0,3.0,4.0,1.0,1.0,1.0,1.0,1.0,1.0
47933,27,1.0,1.0,4.0,4.0,3.0,4.0,1.0,1.0,1.0,1.0,1.0,3.0
47934,27,1.0,1.0,4.0,4.0,3.0,1.0,1.0,3.0,3.0,3.0,3.0,
47935,27,1.0,1.0,2.0,6.0,3.0,2.0,1.0,1.0,3.0,3.0,3.0,3.0
47937,27,1.0,1.0,2.0,4.0,3.0,4.0,1.0,1.0,1.0,1.0,1.0,1.0
47938,27,1.0,1.0,4.0,4.0,3.0,9.0,1.0,1.0,1.0,1.0,1.0,1.0
47940,27,1.0,1.0,2.0,2.0,1.0,1.0,1.0,3.0,3.0,3.0,3.0,
47941,27,1.0,1.0,4.0,4.0,3.0,1.0,1.0,3.0,3.0,3.0,3.0,
47942,27,1.0,1.0,4.0,6.0,3.0,1.0,1.0,3.0,3.0,3.0,3.0,
47943,27,1.0,1.0,4.0,4.0,3.0,6.0,1.0,3.0,3.0,3.0,3.0,
47944,27,1.0,1.0,4.0,6.0,3.0,4.0,1.0,1.0,1.0,1.0,1.0,1.0
47946,27,1.0,1.0,4.0,6.0,3.0,3.0,1.0,1.0,1.0,1.0,1.0,3.0
47947,27,1.0,1.0,4.0,4.0,3.0,1.0,1.0,3.0,3.0,3.0,3.0,
47948,27,1.0,1.0,4.0,4.0,3.0,1.0,1.0,3.0,3.0,3.0,3.0,
47949,27,1.0,1.0,2.0,4.0,3.0,6.0,1.0,3.0,3.0,3.0,3.0,
47950,27,1.0,1.0,4.0,4.0,3.0,1.0,1.0,3.0,3.0,3.0,3.0,
47951,27,1.0,1.0,4.0,6.0,3.0,4.0,1.0,1.0,1.0,1.0,1.0,1.0
47952,27,1.0,1.0,4.0,4.0,3.0,2.0,2.0,1.0,3.0,1.0,3.0,3.0
47953,27,1.0,1.0,4.0,4.0,3.0,4.0,2.0,1.0,1.0,1.0,1.0,1.0
47954,27,1.0,1.0,4.0,4.0,3.0,6.0,2.0,3.0,3.0,3.0,3.0,
47955,27,1.0,1.0,4.0,4.0,3.0,4.0,5.0,1.0,1.0,1.0,1.0,1.0
47956,27,1.0,1.0,4.0,4.0,3.0,9.0,2.0,1.0,1.0,1.0,1.0,1.0
47957,27,1.0,1.0,4.0,6.0,3.0,3.0,2.0,1.0,1.0,1.0,1.0,3.0
47958,27,1.0,1.0,4.0,6.0,3.0,4.0,5.0,1.0,1.0,1.0,1.0,1.0
47959,27,1.0,1.0,4.0,4.0,3.0,1.0,2.0,3.0,3.0,3.0,3.0,
47961,27,1.0,1.0,4.0,6.0,3.0,4.0,2.0,1.0,1.0,1.0,1.0,1.0
47962,27,1.0,1.0,4.0,4.0,3.0,8.0,1.0,1.0,3.0,1.0,1.0,3.0
47963,27,1.0,1.0,4.0,6.0,3.0,7.0,2.0,1.0,3.0,1.0,3.0,3.0
47964,27,1.0,1.0,4.0,4.0,3.0,6.0,2.0,3.0,3.0,3.0,3.0,
47965,27,1.0,1.0,4.0,4.0,3.0,7.0,1.0,1.0,1.0,1.0,3.0,3.0
47966,27,1.0,1.0,4.0,2.0,3.0,1.0,1.0,3.0,3.0,3.0,3.0,
47967,27,1.0,1.0,2.0,4.0,3.0,4.0,2.0,1.0,1.0,1.0,1.0,1.0
47968,27,1.0,1.0,4.0,6.0,3.0,9.0,4.0,1.0,1.0,1.0,1.0,1.0
47969,27,1.0,1.0,2.0,6.0,3.0,1.0,2.0,3.0,3.0,3.0,3.0,
47970,27,1.0,1.0,4.0,4.0,3.0,4.0,2.0,1.0,1.0,1.0,1.0,1.0
47971,27,1.0,1.0,4.0,6.0,3.0,1.0,2.0,3.0,3.0,3.0,3.0,
47972,27,1.0,1.0,4.0,2.0,3.0,4.0,2.0,1.0,1.0,1.0,1.0,1.0
47973,27,1.0,1.0,2.0,4.0,3.0,2.0,1.0,1.0,1.0,3.0,3.0,3.0
47974,27,1.0,1.0,2.0,6.0,1.0,1.0,1.0,3.0,3.0,3.0,3.0,
47975,27,1.0,1.0,2.0,4.0,3.0,3.0,1.0,1.0,1.0,1.0,1.0,3.0
47976,27,1.0,1.0,2.0,4.0,3.0,4.0,1.0,3.0,1.0,1.0,1.0,1.0
47977,27,1.0,1.0,2.0,4.0,3.0,7.0,1.0,3.0,3.0,3.0,1.0,3.0
47978,27,1.0,1.0,2.0,4.0,3.0,2.0,1.0,1.0,3.0,3.0,3.0,3.0
47979,27,1.0,1.0,2.0,4.0,3.0,6.0,1.0,3.0,3.0,3.0,3.0,
47982,27,1.0,1.0,4.0,4.0,3.0,1.0,1.0,3.0,3.0,3.0,3.0,
47983,27,1.0,1.0,2.0,2.0,1.0,1.0,1.0,3.0,3.0,3.0,3.0,
47984,27,1.0,1.0,2.0,2.0,1.0,1.0,1.0,3.0,3.0,3.0,3.0,
47985,27,1.0,1.0,2.0,2.0,3.0,9.0,4.0,1.0,1.0,1.0,1.0,1.0
47987,27,1.0,1.0,2.0,4.0,3.0,8.0,1.0,1.0,1.0,1.0,1.0,3.0
47988,27,1.0,1.0,2.0,2.0,3.0,7.0,1.0,3.0,3.0,1.0,1.0,3.0
47989,27,1.0,1.0,2.0,2.0,1.0,2.0,1.0,3.0,3.0,3.0,1.0,3.0
47990,27,1.0,1.0,4.0,4.0,3.0,2.0,1.0,1.0,3.0,3.0,1.0,3.0
47991,27,1.0,1.0,4.0,4.0,3.0,3.0,1.0,1.0,1.0,1.0,1.0,3.0
47992,27,1.0,1.0,4.0,4.0,3.0,6.0,1.0,3.0,3.0,3.0,3.0,
47994,27,1.0,1.0,4.0,4.0,3.0,6.0,1.0,3.0,3.0,3.0,3.0,
47995,27,3.0,1.0,4.0,4.0,3.0,8.0,1.0,1.0,1.0,1.0,1.0,3.0
47997,27,1.0,1.0,2.0,4.0,3.0,1.0,1.0,3.0,3.0,3.0,3.0,
47998,27,1.0,1.0,4.0,4.0,3.0,1.0,1.0,3.0,3.0,3.0,3.0,
47999,27,1.0,1.0,4.0,2.0,3.0,1.0,1.0,3.0,3.0,3.0,3.0,
48000,27,1.0,,4.0,4.0,3.0,3.0,1.0,1.0,1.0,1.0,1.0,1.0
48002,27,1.0,1.0,4.0,4.0,3.0,4.0,1.0,1.0,1.0,1.0,1.0,3.0
48003,27,1.0,1.0,4.0,4.0,3.0,1.0,1.0,3.0,3.0,3.0,3.0,
48004,27,1.0,1.0,4.0,4.0,1.0,1.0,1.0,3.0,3.0,3.0,3.0,
48005,27,1.0,1.0,4.0,4.0,3.0,1.0,1.0,3.0,3.0,3.0,3.0,
48006,27,1.0,1.0,4.0,2.0,3.0,2.0,1.0,1.0,1.0,1.0,1.0,1.0
48007,27,1.0,1.0,4.0,6.0,3.0,2.0,1.0,3.0,1.0,3.0,1.0,1.0
48009,27,1.0,1.0,4.0,4.0,3.0,6.0,1.0,3.0,3.0,3.0,3.0,
48010,27,1.0,1.0,4.0,4.0,3.0,9.0,4.0,1.0,1.0,1.0,1.0,1.0
48012,27,3.0,1.0,4.0,4.0,3.0,4.0,5.0,1.0,1.0,1.0,1.0,1.0
48013,27,1.0,1.0,4.0,4.0,3.0,1.0,2.0,3.0,3.0,3.0,3.0,
48014,27,3.0,1.0,4.0,4.0,3.0,4.0,5.0,1.0,1.0,1.0,1.0,1.0
48015,27,3.0,1.0,4.0,4.0,3.0,3.0,5.0,1.0,3.0,1.0,1.0,3.0
48016,27,1.0,1.0,4.0,4.0,3.0,1.0,5.0,3.0,3.0,3.0,3.0,
48017,27,1.0,1.0,4.0,4.0,3.0,1.0,5.0,3.0,3.0,3.0,3.0,
48018,27,3.0,1.0,4.0,4.0,3.0,1.0,5.0,3.0,3.0,3.0,3.0,
48019,27,3.0,3.0,4.0,6.0,3.0,1.0,5.0,3.0,3.0,3.0,3.0,
48020,27,1.0,1.0,4.0,6.0,3.0,1.0,5.0,3.0,3.0,3.0,3.0,
48021,27,1.0,1.0,4.0,4.0,3.0,1.0,2.0,3.0,3.0,3.0,3.0,
48024,27,1.0,1.0,4.0,4.0,3.0,1.0,5.0,3.0,3.0,3.0,3.0,
48025,27,1.0,3.0,4.0,6.0,3.0,6.0,2.0,3.0,3.0,3.0,3.0,
48026,27,1.0,3.0,2.0,4.0,3.0,4.0,2.0,1.0,1.0,1.0,1.0,1.0
48027,27,1.0,3.0,4.0,6.0,3.0,6.0,2.0,3.0,3.0,3.0,3.0,
48028,27,1.0,1.0,2.0,4.0,3.0,1.0,2.0,3.0,3.0,3.0,3.0,
48029,27,1.0,1.0,4.0,4.0,3.0,1.0,2.0,3.0,3.0,3.0,3.0,
48030,27,1.0,1.0,4.0,4.0,3.0,6.0,2.0,3.0,3.0,3.0,3.0,
48031,27,1.0,1.0,4.0,6.0,3.0,1.0,2.0,3.0,3.0,3.0,3.0,
48032,27,1.0,1.0,4.0,4.0,3.0,1.0,2.0,3.0,3.0,3.0,3.0,
48033,27,1.0,1.0,4.0,4.0,3.0,1.0,2.0,3.0,3.0,3.0,3.0,
48035,27,1.0,1.0,4.0,4.0,3.0,6.0,2.0,3.0,3.0,3.0,3.0,
48036,27,1.0,1.0,4.0,4.0,3.0,6.0,5.0,3.0,3.0,3.0,3.0,
48037,27,1.0,1.0,4.0,6.0,3.0,1.0,5.0,3.0,3.0,3.0,3.0,
48038,27,1.0,3.0,4.0,6.0,3.0,1.0,5.0,3.0,3.0,3.0,3.0,
48039,27,1.0,1.0,4.0,4.0,3.0,6.0,5.0,3.0,3.0,3.0,3.0,
48040,27,1.0,1.0,4.0,4.0,3.0,1.0,5.0,3.0,3.0,3.0,3.0,
48041,27,1.0,1.0,4.0,4.0,3.0,1.0,5.0,3.0,3.0,3.0,3.0,
48043,27,1.0,1.0,4.0,4.0,3.0,1.0,5.0,3.0,3.0,3.0,3.0,
48044,27,1.0,1.0,4.0,4.0,3.0,6.0,2.0,3.0,3.0,3.0,3.0,
48045,27,1.0,1.0,4.0,4.0,3.0,1.0,2.0,3.0,3.0,3.0,3.0,
48046,27,1.0,1.0,4.0,6.0,3.0,6.0,5.0,3.0,3.0,3.0,3.0,
48047,27,3.0,1.0,4.0,4.0,3.0,1.0,5.0,3.0,3.0,3.0,3.0,
48048,27,3.0,1.0,4.0,6.0,3.0,1.0,5.0,3.0,3.0,3.0,3.0,
48049,27,1.0,1.0,2.0,4.0,3.0,1.0,2.0,3.0,3.0,3.0,3.0,
48050,27,1.0,1.0,2.0,4.0,3.0,4.0,2.0,1.0,1.0,1.0,1.0,1.0
48051,27,1.0,1.0,4.0,4.0,3.0,4.0,2.0,1.0,1.0,1.0,1.0,1.0
48052,27,1.0,1.0,4.0,4.0,3.0,1.0,2.0,3.0,3.0,3.0,3.0,
48053,27,1.0,1.0,2.0,4.0,1.0,1.0,2.0,3.0,3.0,3.0,3.0,
48054,27,1.0,1.0,4.0,4.0,3.0,1.0,2.0,3.0,3.0,3.0,3.0,
48055,27,1.0,1.0,4.0,4.0,3.0,1.0,2.0,3.0,3.0,3.0,3.0,
48056,27,1.0,1.0,4.0,4.0,3.0,4.0,2.0,1.0,1.0,1.0,1.0,1.0
48057,27,1.0,1.0,4.0,2.0,3.0,6.0,2.0,3.0,3.0,3.0,3.0,
48058,27,1.0,1.0,4.0,2.0,3.0,1.0,2.0,3.0,3.0,3.0,3.0,
48059,27,1.0,1.0,4.0,4.0,3.0,1.0,2.0,3.0,3.0,3.0,3.0,
48060,27,1.0,1.0,4.0,4.0,3.0,6.0,2.0,3.0,3.0,3.0,3.0,
48061,27,1.0,1.0,4.0,4.0,3.0,1.0,2.0,3.0,3.0,3.0,3.0,
48062,27,1.0,1.0,4.0,2.0,3.0,1.0,2.0,3.0,3.0,3.0,3.0,
48063,27,1.0,1.0,4.0,2.0,3.0,1.0,2.0,3.0,3.0,3.0,3.0,
48064,27,3.0,1.0,4.0,6.0,3.0,6.0,5.0,3.0,3.0,3.0,3.0,
48065,27,1.0,3.0,4.0,6.0,3.0,1.0,5.0,3.0,3.0,3.0,3.0,
48066,27,3.0,3.0,4.0,4.0,3.0,1.0,5.0,3.0,3.0,3.0,3.0,
48067,27,1.0,1.0,4.0,2.0,3.0,1.0,2.0,3.0,3.0,3.0,3.0,
48068,27,1.0,1.0,4.0,4.0,3.0,1.0,5.0,3.0,3.0,3.0,3.0,
48069,27,3.0,1.0,4.0,6.0,3.0,1.0,5.0,3.0,3.0,3.0,3.0,
48070,27,1.0,1.0,4.0,4.0,3.0,1.0,5.0,3.0,3.0,3.0,3.0,
48071,27,1.0,1.0,4.0,6.0,3.0,1.0,5.0,3.0,3.0,3.0,3.0,
48072,27,1.0,1.0,4.0,4.0,3.0,1.0,5.0,3.0,3.0,3.0,3.0,
48073,27,3.0,1.0,4.0,4.0,3.0,6.0,5.0,3.0,3.0,3.0,3.0,
48074,27,3.0,1.0,4.0,4.0,3.0,1.0,5.0,3.0,3.0,3.0,3.0,
48075,27,1.0,1.0,4.0,4.0,3.0,6.0,5.0,3.0,3.0,3.0,3.0,
48076,27,1.0,1.0,4.0,2.0,3.0,6.0,2.0,3.0,3.0,3.0,3.0,
48077,27,1.0,1.0,4.0,2.0,3.0,1.0,2.0,3.0,3.0,3.0,3.0,
48078,27,1.0,1.0,2.0,4.0,3.0,1.0,2.0,3.0,3.0,3.0,3.0,
48079,27,1.0,1.0,4.0,4.0,3.0,1.0,2.0,3.0,3.0,3.0,3.0,
48080,27,1.0,1.0,4.0,4.0,3.0,4.0,2.0,1.0,1.0,1.0,1.0,1.0
48081,27,1.0,1.0,4.0,4.0,3.0,1.0,1.0,3.0,3.0,3.0,3.0,
48082,27,1.0,1.0,4.0,4.0,3.0,2.0,1.0,1.0,3.0,3.0,1.0,3.0
48083,27,1.0,2.0,4.0,2.0,3.0,6.0,1.0,3.0,3.0,3.0,3.0,
48084,27,1.0,1.0,4.0,4.0,3.0,1.0,1.0,3.0,3.0,3.0,3.0,
48085,27,1.0,2.0,4.0,2.0,1.0,1.0,2.0,3.0,3.0,3.0,3.0,
48086,27,1.0,2.0,4.0,2.0,1.0,6.0,1.0,3.0,3.0,3.0,3.0,
48089,27,1.0,1.0,2.0,4.0,3.0,6.0,2.0,3.0,3.0,3.0,3.0,
48093,27,1.0,1.0,2.0,2.0,3.0,1.0,1.0,3.0,3.0,3.0,3.0,
48094,27,1.0,2.0,2.0,2.0,3.0,1.0,1.0,3.0,3.0,3.0,3.0,
48096,27,1.0,1.0,4.0,2.0,3.0,7.0,2.0,1.0,3.0,3.0,3.0,3.0
48097,27,1.0,1.0,4.0,2.0,3.0,6.0,1.0,3.0,3.0,3.0,3.0,
48098,27,1.0,1.0,2.0,4.0,3.0,4.0,1.0,1.0,1.0,1.0,1.0,1.0
48099,27,1.0,1.0,4.0,4.0,3.0,1.0,1.0,3.0,3.0,3.0,3.0,
48100,27,1.0,1.0,4.0,4.0,3.0,3.0,1.0,3.0,1.0,1.0,1.0,1.0
48101,27,1.0,1.0,4.0,4.0,3.0,1.0,1.0,3.0,3.0,3.0,3.0,
48104,27,1.0,2.0,2.0,2.0,3.0,6.0,1.0,3.0,3.0,3.0,3.0,
48105,27,1.0,1.0,4.0,4.0,3.0,2.0,2.0,1.0,1.0,3.0,3.0,3.0
48109,27,1.0,1.0,4.0,2.0,3.0,1.0,1.0,3.0,3.0,3.0,3.0,
48110,27,1.0,2.0,4.0,2.0,3.0,1.0,1.0,3.0,3.0,3.0,3.0,
48116,27,1.0,2.0,4.0,2.0,3.0,6.0,1.0,3.0,3.0,3.0,3.0,
48117,27,1.0,1.0,2.0,4.0,3.0,6.0,1.0,3.0,3.0,3.0,3.0,
48120,27,1.0,1.0,4.0,6.0,3.0,3.0,1.0,1.0,1.0,1.0,1.0,3.0
48121,27,1.0,1.0,4.0,6.0,3.0,4.0,1.0,1.0,1.0,1.0,1.0,1.0
48122,27,1.0,1.0,4.0,4.0,3.0,4.0,1.0,1.0,1.0,1.0,1.0,1.0
48127,27,1.0,1.0,4.0,4.0,3.0,3.0,1.0,1.0,1.0,1.0,1.0,3.0
48128,27,1.0,1.0,4.0,4.0,3.0,6.0,1.0,3.0,3.0,3.0,3.0,
